Date,ASML,BBD,BCS,BIDU,HDB,HMC,IBN,INFY,KB,MELI,MMYT,NTES,NVO,PBR,RDY,SAP,SHEL,SKM,SONY,TM,TSM,UMC,VALE,WIT
2023-01-03,0.22731848950269093,-3.9870065266709243,0.9164576506582084,1.630141234508153,-0.04597891675546105,1.211170946853683,0.07449855999783772,0.6510996206012217,0.21176732734834788,-0.9091018355512368,-0.21528935753330503,1.9838887583024238,0.7080206333886613,-3.0882828245548977,-0.03503618587902672,0.4486474293908289,-0.8602187521721725,0.08599279468026212,0.20169535278851156,0.9496329939757477,-0.40560027227460277,0.49120435973002585,-1.1807750107932677,0.593477171934831
2023-01-04,1.7912532360715967,0.26978772484510993,1.667435878221954,4.031473924282737,-0.4887092709540853,0.6441950514531768,-0.005522651373846404,-0.4513657252261319,2.016870073828856,0.4423365729344161,-0.44114783086346243,3.000266022257835,-0.12777460662899204,0.5896929675358137,0.3048334975192719,1.6734666689284792,-0.49414445284032077,0.5685989947177227,0.7319060054512552,-0.6497236493547931,1.6356640813281118,0.8784646814963685,0.37786007178550307,-0.256271126964194
2023-01-05,-0.5254121042162299,1.9743909019160448,0.4625013477200629,0.23668536913618365,-0.7538317662842233,-0.6311717198714982,-1.5490689853806052,-1.3837974471542382,1.8666721082907352,0.7436297033317114,0.48429073940530004,-0.2838278943917859,-0.2800655932645236,1.1430220542530327,-0.45766698644809894,-0.4391901108177835,0.045775590263774354,-0.4272770237827276,-0.25726505922823073,-0.9914258760669716,-0.49279971697226826,-1.1035742881201793,1.0075716323142794,-1.1170456499020738
2023-01-06,2.5030139197689634,1.5830382773588179,0.40780600729753647,0.1633046940126475,0.32113807104035796,1.9867398040330468,0.11897026358157181,0.37600551453731074,3.9899210898186266,0.6745208039419665,-0.23769455535768258,-0.3047269667421335,1.0533824160838052,0.3960955536412895,1.1022508668988988,1.6616591799600124,1.574235662590369,1.81400756389595,2.5294363281060037,1.9564421360295,1.6338046149943501,2.6157665341949032,1.0297112142305873,0.7236434902226228
2023-01-09,1.981739563102823,0.25162559435483794,0.1563602266657239,0.10278606530984075,-0.03796625542859337,0.48563571874380845,0.15955100502235595,0.563719231781437,0.6976420237168321,0.9193577037650053,-0.33618522868074363,-1.014872430554909,-0.6834661733912439,-0.10636835023801557,0.4197874014950907,1.276629170738451,0.713204245836801,-0.6550473412014034,0.7375747855060413,0.5227128957023436,1.514478556580904,1.6837520693201442,-0.2571584248165678,0.9549036249812386
2023-01-10,0.8806492382367285,1.5607806284037606,0.007057437899656059,0.4092405677466039,-1.53885227088605,-0.1340464611530132,-0.25176383020185666,-0.5846398518580809,0.5867294936314097,0.684436562863195,0.8531617117307951,1.4606140562819376,-1.6985528453691803,0.5474360023486179,0.08608544158402173,1.060891503548792,0.2587943844944527,-0.9024522829885072,-0.3993478601586762,-0.4777884732251793,0.6010029503898774,0.6751944353668893,0.7770346100814451,-0.1342617261235489
2023-01-11,0.8050080489456041,0.7002087357811565,0.4026433829541111,1.1355477783915973,0.7917694960208702,-0.5303305258963608,0.3850449693392068,0.8791806144000978,-1.2968418908629262,0.7675664097574656,-0.5739528705814135,0.6710521451225423,-0.5508007679996073,0.40949227550210854,-0.6606425022373236,0.7599438702824708,0.47903967097887046,-0.6105469237589528,1.347752421960285,-0.19023030037333358,0.28764042955221375,0.19197509141889105,-0.11155578700458678,0.7034898589116946
2023-01-12,0.5367184783743705,-0.5716017476628894,1.0761587507388801,-0.6063789318053651,0.060765182093561666,0.599608543036999,-0.14825154421284548,0.833508167324406,0.4800504741956792,3.1555916011066816,0.6268839091529518,0.5060218444548549,0.45105936669700164,0.7275151510735476,0.7722205909225032,0.9396462766438849,0.5838943951569424,0.1771873097132531,1.048654699418841,1.9427145173807427,3.3846920995667964,0.7181014802196436,0.8293850391231524,0.5770801284094843
2023-01-13,0.47438923371862085,0.12227348919046552,0.8150003279346786,0.7176051400093639,0.6319774011521492,-1.4716982179822375,0.5444504105161898,0.3288458824167786,0.8269196230903363,1.9487691968569931,-0.004810118872211031,1.3657088817722964,1.2179445167847887,-0.15016252408548972,0.21538036967294005,0.15417767722717798,-0.007810388400608997,-0.005075671914953065,-0.24996028060078143,-1.1750106652434034,-0.18880932567741415,-0.4554009810900826,0.07983400856672059,-0.6051781857638944
2023-01-17,-0.1645403631375086,-0.5795578230530958,0.24178076421264943,-2.4758993138499394,-0.461849826536446,1.146443209091408,-1.1936462555507699,0.4183189552429933,1.1464283265203783,-0.4762967117735208,1.664376038018204,0.27216145942293474,1.1751666454547207,1.1457102066789595,0.17468129623718875,-0.4396605508471415,-0.1762467247598496,1.0178119620920623,0.5640625916487263,2.447202436025006,1.3267709381716677,0.8274840445792911,-0.7511285128185856,1.1621163856174008
2023-01-18,-0.49162304172419824,0.005960791196426173,0.007057437899656059,-1.4609620728701498,1.2959201099784037,-0.5040871865855605,0.24368338829933223,0.2017366227922214,-1.166039977830856,-0.08220676970812259,0.08352289660779269,-0.2882526788682815,0.3115767165133624,-0.8010816921926185,0.2036857094361457,0.43834825626772844,-0.8587295051064314,0.17370737908518472,-0.10214785759914671,0.37629659973228596,0.23884950437558886,-0.45110054793442167,0.08163294767823702,0.9096912094923966
2023-01-19,-1.7248567398535852,0.005960791196426173,-0.41638035327788026,0.7148010900199239,0.5972688317357581,-0.3933003857482158,0.30354518656537977,0.1400095955182559,-0.25327583912262264,0.0818831320220655,-0.04403675116206858,0.29379200868352473,0.3633337094978863,0.8943981341112943,-0.5112850386301443,-0.7619244831786695,0.6316464729620579,1.3489105188638209,0.725608079105157,-0.7497404085366023,-0.7306023878479891,-0.9864982010265748,0.029032740869426803,0.5557778924512515
2023-01-20,1.3600248458717967,-0.5898663513235657,0.195771902764199,2.2972644713012897,0.776995895473689,0.8320974226896999,0.2400450266916829,-0.13371740952566158,0.5153915403294874,0.7913191904952702,1.2998820835397198,-0.1101056807068794,0.15601919179610999,0.25954633126862864,0.12522125000369505,0.7448818402103411,-0.19468471058875148,0.11128140795938597,0.7319980779584628,1.0227438516499638,1.5717564821236332,1.4729525288032133,0.08130319085620136,-0.2412946314105848
2023-01-23,1.941011156327601,-1.3429044035460989,0.5682021901455862,0.1771212929077043,0.1638970631818955,0.598117292497704,0.48067817305117616,0.77296255554788,0.8320225745963277,-0.14702751135890424,-0.24026802348726373,0.48442825066386325,-0.04938283320475314,0.6281218750294905,-0.4844811004723914,-0.23402286548449663,-0.22963289566680722,0.1980458506989061,-0.27843189053054385,-0.06892109437461545,2.7017893929465777,1.6439824081046988,0.011488759707426348,-0.1280100880902696
2023-01-24,-0.48871618554311763,0.8705200245798299,-0.648333879957806,-1.0507576949966904,0.4941710753749037,-0.5850939609160254,-0.3082254634823156,-0.49413085623501385,-0.2813999608988283,0.4388553381103589,-0.8005747690834889,-0.18381959822413038,-0.5687919712265578,0.11388096920323382,-1.3160492830539923,-0.2927997153688327,-0.549386630655205,-0.41197405732232945,0.18323536761761156,-0.03653524123188236,-0.704677919068498,-0.8825074109995251,0.6659014018397952,0.00882050718003098
2023-01-25,0.774855061344276,0.005960791196426173,0.986370890893105,0.4348930703020216,-3.6133648556079763,0.4014906847362537,-1.9937933363340257,-0.8952062625702238,0.6587771610383865,0.6174001452940866,-1.1044598857709385,0.11399666898129922,-0.49624273640056377,0.3408187696292245,0.4570735156840026,-0.034827194331118444,-0.12918416720607032,-1.540008663295034,0.08803409052503894,0.049844318817108706,-1.3413301941306248,-0.04574275252074292,0.6518959349917857,-0.7040544704875914
2023-01-26,0.11487553699474708,0.2489696300042654,0.7382301096566211,1.2352695040897468,0.8396974392745425,0.5109866475441006,0.35430244559009777,0.930942970198538,0.7154855976935725,1.74562594774122,0.3165214973812299,0.8210837949152417,-0.6548697807548542,-0.6195236222452534,0.12828317840666928,-1.1161633760942475,0.5862584612422483,0.4118983646982175,-0.30142854445014944,-0.3934274452388435,0.5624696424399485,0.23494675802535378,0.6384645155708871,0.33199630864126306
2023-01-27,-1.2418534857265284,-1.3527164308204118,-0.03827415811790839,0.17952364651205469,-1.8742271856121682,0.8941954027392709,-1.6301471864330552,-0.8933984159561424,-1.4200986635848254,0.9266851821336988,0.5098500333225963,-0.31395020306891824,0.21059054428236848,-0.8722631244176102,0.8336882409749761,-0.49915806499826737,-0.007960917892213665,0.9084403312988819,0.8150457551472602,0.8850133391266658,-0.15010991206351154,-0.27014994975656176,-1.0704136830267044,-0.5919635627147839
2023-01-30,-1.3142137336840234,0.1317422804506545,-0.12922052409570942,-0.15753218648012768,0.15344040692081473,-0.6859899224042407,0.25688357503044973,0.04924954692047905,-0.16016541968207984,-1.8356752091470776,-0.6195031429811775,-0.9409742700226522,0.39986499062670644,-0.024977740155023187,0.16561585927415123,1.5213770946198013,-0.085117344958974,-0.18085059575558815,-0.8038498107607654,-1.0938132763232948,-0.16222971714601608,0.4019354091112479,-0.26068892166222785,0.33339868199682604
2023-01-31,0.7269681115613088,1.1175788519836813,0.05253072079681523,-1.1083744980073629,1.0803527069295769,1.329920221469245,1.233715191845104,0.29272457255228523,-1.1550025161761743,0.5625530070125438,0.1251639105118185,-0.4690099415717797,-0.16724498543908278,0.7547472587837782,0.26440809079213856,1.2564298425157896,0.3425713791875475,-0.3286172484961121,0.02319716543013534,1.0155694553029262,-0.30035692650817314,1.108249269375672,0.28266290250735887,-0.47779515297864356
2023-02-01,1.2303313727111762,-0.8554487796137601,0.32402955940721434,4.905054329447051,-2.263969475402048,1.3313611371906304,-1.523517504186037,0.6221151492701799,0.9678371737966911,0.9296238896026279,-0.45723387187581144,1.3437601584473613,0.09537540313993342,-0.42355566103942605,0.06500491342179583,1.2608413154100337,-0.4186525442944128,0.14220211989417758,-0.00047722871831234326,0.7582489947282297,1.1333939209843633,1.9167735437903788,-0.39699801064799856,0.33411858166930786
2023-02-02,1.2203040807993106,0.9172638624619216,-0.3553879665050613,-0.24905234112251284,1.9759883886285896,-0.3155503818265357,1.6824195678541787,1.4106147507883628,-1.0332233356847507,0.31501423558415204,-0.5056386275249823,-0.48914256185586846,-3.165204903209408,-1.2106240097338727,-0.0639778963126818,0.9560747363106457,-0.5957701198145984,-0.3887150993847871,2.3919590863066165,-1.0727711169236314,1.0507464788655512,0.5212568377595237,-1.3873095455079614,1.9196383870312348
2023-02-03,-1.2500471038574361,-1.4844365263719286,-0.5886303876110105,-2.2319464018166135,0.2716714868593764,-1.5996300094959945,-0.27747802166743796,-0.7200024275982629,-0.41691117956167584,-1.2143661370222627,-0.577498814861344,-0.40200856366009236,2.0399368818713977,-0.19969314376710964,-0.7539334271513678,-1.1970462534026574,0.5797768135002465,-1.6850394637145236,-0.4315742601559267,-1.0596261600463988,-1.2191299416293597,-1.1345996668872227,-0.6195685534934436,-1.1435436105381223
2023-02-06,-1.22766890080621,-0.12124539194481167,-0.317217959457273,-0.06333073103320244,-0.5030680143993305,0.006511665790839225,-0.38496572854171607,-1.4220898963340367,-1.5105489725505432,-0.40440710434691945,-0.4712718229796837,-0.7212772245840836,0.5454281739635622,0.8575149629246287,-0.14536081573480733,-0.4833088681433203,-0.3876667684562985,-0.8006700120339776,-1.786246826101803,-0.5286158126351156,-1.750789351868602,-1.6494198103949687,-0.6689431621856484,-1.5167080539308717
2023-02-07,1.1608782210327948,-0.5077106358493813,0.7446257577638077,4.598894926060569,0.1909845229040908,0.7190012763315369,0.14404217453165102,0.5914090344521306,-0.0871610279592024,-0.09574966033163511,-0.026191233857440016,-0.05715774795449279,0.6482604680353162,-0.34118712937491247,1.2418504207708165,0.04243648240949621,1.5023214843672084,0.7601034731442601,0.6730073491934322,0.4390158171917312,1.5646752964874557,1.029830088145472,-0.024534216641794306,-0.014049028677204995
2023-02-08,-1.2084755150459578,1.647676074430231,-0.13025573273649896,-2.012055246988104,0.5060707440451868,-1.231428186661265,0.22758164671022293,0.3464124632306146,0.1498725977083355,-0.2576729880299589,-0.5227984226312405,-0.0214180362386364,-0.04495237884783807,0.363255018506156,0.7098712531221897,-0.6515842764380887,-0.11721733485568168,0.02533952314485208,-0.604736509703342,-0.4685177237852641,-0.21991063066867234,-0.6340613343599756,-0.0059231574273440335,0.4525479660098338
2023-02-09,0.04431254686847024,-1.2497835087053442,0.007057437899656059,-1.1325692926984097,-0.20791109082406697,0.3664773271068876,-0.32088526404403667,0.49167811315412097,-1.809667608116751,-0.7675178015208578,-0.04839647450643805,0.33415897148834345,-0.0630040454566573,-0.36532579691277134,-0.5910210958599422,0.027511712783807582,0.26949109049587905,-0.8006700120339776,-0.22877843750118615,0.5205560300688578,1.3447962378960747,0.8601948879192479,-0.3617598709584517,-0.13034744230460688
2023-02-10,-0.6267377834334424,-2.6543109738678385,-0.6863075890442707,-2.5256808309794008,0.2207795540832431,1.6165282660650433,-0.2802818712458978,-0.5767254648661463,1.7303288736813769,-1.2801447916387554,-1.0033135856391273,-1.1613089556102332,-0.03594985659145456,1.147808219405879,0.5136418383852215,-0.7203611798864241,1.6249606328255288,0.9423664547724663,-0.05350253267036531,-0.7971093804159761,-0.8260741313118205,-0.5230318573576241,-0.384873514219988,0.10224938495019688
2023-02-13,0.8552438236296767,1.7587065167324527,0.4244427129725195,2.205261939939575,0.715093481909561,0.8373704663979149,0.1657415366695807,-0.46148597967488414,-0.2416506267359706,0.1923217574807942,0.3318701730722563,0.4853033615834224,1.4958838499814082,0.3944071906293623,0.37340930832329433,0.5686248856568904,0.05735718944752803,1.4045401482463864,-0.3351703826419929,0.21579765445913637,0.3697003371200086,0.2730243145747895,0.2976002013942485,-0.24687235196263757
2023-02-14,0.5773333520648268,-0.12570704744053213,0.37463061125444974,0.6007887972583018,0.547676974438288,-0.6358352455886148,0.4384764741651844,0.2570555640456765,-2.0428077303995322,0.5925586008073213,0.41610107366700055,-0.5365578679892578,-0.05805324344695077,-0.16316716467267178,0.07248758328184948,0.12574728165372015,0.6047541817410323,0.11342451315487713,-0.23030618548280737,-0.691723200695041,1.000954752214614,0.6371187594325364,0.08833065162245594,-0.014049028677204995
2023-02-15,-0.10198785665931805,1.3000612962166371,-3.6712716020074545,0.7922981869647163,-0.10097676907258542,0.06026147395255425,0.16290979055286375,0.2852002614705577,-3.127376272518153,0.8077776557462416,0.21428297700692253,-0.21711647314904695,-0.9223030395983606,-0.024273796798148464,-0.21728109311731642,0.24375737342265896,-0.09558700564581718,-2.8203085807803325,-0.5994167196104487,-0.9598334962409858,-3.097805123673108,-1.207627789658025,0.5167599959298731,0.681572051482603
2023-02-16,-1.5513239388863727,0.2589575761855563,0.05693819214190516,-0.8008366967124384,-0.3065733345688873,0.24792167162686607,-0.2558688470921454,-0.37024761318258315,-1.4019892072436002,-1.3031963600110281,1.003259933773686,0.6133393155598911,-1.061682939219742,0.04542514448343196,-0.30559235492495235,-0.696191336141831,0.012743227005020867,-2.7909651983733923,-0.5810291957846737,0.9360193005302986,-1.2375658631173958,-0.7469879493211724,0.06804568004872112,-0.24497758883246945
2023-02-17,-0.37717956879566766,0.38193962667152315,-0.1427730109010299,-2.0039644284105727,0.12018685295570986,0.619557613404662,-0.1516680871303705,-0.16215037626485423,0.1440375958244095,-0.6521047471662579,-0.903952115922307,-0.9348621119263135,1.279075688666121,-0.2107380075989086,0.3252189931261106,-0.3369042951118991,-1.0133739118610419,0.5749582099548786,-1.5692174015906966,0.057121015364886236,-0.503883560354421,-0.10014389206193045,-0.1354772438554591,-0.8297718085673401
2023-02-21,-1.7342850639723784,-1.006081936957173,-0.4456705514096508,-0.24804532061486967,-0.5297675976435876,0.9550668189033947,-0.5551539521046515,-0.917508639393115,-0.30098415140314494,-0.09619173429409432,-0.4871927375586278,-0.33003192146042776,0.39329814839231864,-0.6640836995127943,-0.7153233184372608,-1.3767839214122162,-0.4891478540314315,-0.9422326613126238,-1.1942106047908374,-2.0779163607743762,-1.6021046892148099,-0.42847949171574695,0.031149300160461885,-0.7226592324930422
2023-02-22,-0.4857425530953746,0.5157548083806446,0.10807896134347139,-1.0604807261278368,-1.1243507574577452,-0.20313885779993143,-0.6480259858945906,-0.5617434540771554,-0.3435218427600309,0.5660682001072933,-0.6645381472279697,0.34790444426871964,-0.19945638846864025,-0.0010353892033076585,-0.17139927108185035,0.23689907720476316,-0.9424776461165945,0.5137142366941507,-0.5372478746744361,-0.3265659246330315,-0.577699160701551,-0.155707696654423,-0.24766889930878205,-0.49140628095449906
2023-02-23,1.015240544057063,0.38334595990478837,1.0541325340021306,0.24209837133548787,0.051360837485563415,0.18999269460821733,0.23317920335159903,0.2023976305239495,0.5108127417846188,0.5264612254560797,0.787277836548035,-1.5160195444248301,0.24193255555697946,0.9875185292711767,0.26011121322277797,0.3787103975015404,1.1019035941724555,-0.16674247299621767,0.07422316807515135,0.14471343162627665,1.98542640053023,0.9342131896349234,0.01273670097845281,0.22512700863785393
2023-02-24,-1.5791883195553245,-1.6605839533900415,-0.45168708029048993,-1.601466981032334,-0.6417336476190969,-0.36093188318121866,-0.2193528584769134,-1.1842036190509,-0.5191263241277416,0.5987458098883082,-0.672750023628042,-2.1167381775135974,-0.6109418066822737,-0.7271649007504469,-0.47593135622954813,-1.5333433040086522,0.30732842583019465,-1.247519957008561,-0.03436569369010923,-1.6887755710471248,-1.2919419735077513,-0.9157337505427292,-1.1262641751812348,-0.8556080503570668
2023-02-27,1.0113752728718537,-0.5237713836580578,0.6176209085632909,2.01838854420859,0.15039989614221236,1.1029297566569132,0.4682467441492967,-0.5748411028859587,0.14543691229410627,0.7541149346595206,-0.4588333267120361,0.13098617564645493,0.7365909276948578,0.28236951876317157,-0.44017168830366843,1.028448474052189,0.46946501052732154,0.12687666579073334,0.353030962265068,0.09009119486454692,-0.5749284834813386,0.11869376970019681,-0.06397137155172992,-0.3785600946282668
2023-02-28,-1.170271551533205,-0.12776884969328983,0.5590724606381221,-0.47809493271015,0.43420029152196654,-0.5133838359705302,0.2935351528898983,-0.7388370508315765,0.03656942265984734,1.0583881357553746,0.7293990517361701,-0.7146899549994706,-1.0890710676207942,-0.9818627320082333,-1.5166190769204821,-0.7206871445042765,-0.35270554178908164,0.15946877379281849,0.09182917257484477,-0.2169253957159454,-0.2075736974078325,0.3355755501026386,0.07144498309242829,-0.014049028677204995
2023-03-01,-0.2731544668501838,0.005960791196426173,0.007057437899656059,1.7003104984638893,-0.8052615799665984,0.6299115353613107,-0.06789784062914578,0.21166730269633927,0.8971710400644783,-0.3790151657774182,0.4049453632620587,1.885489859132452,0.7883867984368346,-0.0010353892033076585,0.9482937012824619,0.20148644035130278,0.9561445241825385,0.38809403892699823,-0.021961075528306638,0.32734254820401404,0.7960392460751127,0.6537847527834858,1.8326544218389422,0.10771016123413663
2023-03-02,0.6695687714152728,-0.3447921763195616,-0.696776537312303,1.7911785964762525,-0.07907892173136509,-0.3044714352209531,0.2704716265287893,0.17897864591018778,-1.1912132794705617,0.24348951877616518,-0.5935713350980605,1.8836793738501079,0.2845346704884341,-0.8171888794756076,0.4456026032113845,0.14183583484398893,0.38741579199668247,0.3856307508108973,-0.23671715840361213,0.4004802450134318,0.32215873007981727,0.2734119153627776,-0.40944401608091946,0.7111169221692073
2023-03-03,0.9642319001483668,-0.26633734746051624,0.36044649485936936,0.8540529688758673,0.8352620215473672,1.57272968634461,0.8712420872687227,0.24098789014073843,0.8484040179854219,0.195024066864479,0.17419561521936586,0.10341979500871812,0.5264341879928538,0.985115825964702,0.6092349994324567,1.2369116880688393,-0.09583235893722893,1.1207306220142594,1.4438556646013168,1.4311977214628453,0.4126260092006137,0.5857192671465643,0.012529428858858632,0.8204600313471487
2023-03-06,-1.3218759751793683,1.607870258652389,-0.04324617772284937,-1.0385223431036739,0.4456720686756837,-0.24778039970666452,0.0363895848561124,0.2083189661323967,-0.2059081363690411,0.8064717395640825,-0.09417443649981856,0.21717657599914184,-0.10124533359252642,0.6448341525128787,0.11339795710913429,1.447738911149772,0.2172876689347906,0.8497773790852674,0.43021674733135445,0.1432766700778014,-0.19105156167268308,-0.7302350281253935,-0.790435391896137,0.5746348654336687
2023-03-07,-0.9913427331469333,0.6517429887478601,-1.5828371916017139,-1.8764048599051772,-0.3518416014674371,-0.5049531114914692,-0.2942819796596082,-0.1678106527709823,-1.0109240586623582,0.19999745820347223,-0.29716735872754474,-1.2726774431703478,-0.4065343369430168,-1.086229557326784,-0.15199652695952037,-1.490973649801422,-0.7822888647395055,0.5272373454947558,0.3895733012792393,-0.6187717413424778,-0.5162974600349148,-0.7410310181989191,-0.7135793560956921,-0.9588759381254601
2023-03-08,0.760500949634514,1.2616869329450007,-0.04524210540880168,-0.14782567261215718,0.018498364960699603,0.39046093189572867,0.09877224628665626,-0.2309708322691922,0.3244952044461394,-0.3974661389347129,-0.26592086135485205,-0.26200686055598804,-1.1249705129429404,0.7272493168471412,-0.04390958677641427,0.2531814358271406,-0.1868484006394151,-0.8842350382121252,0.42781923055802673,0.33063619429612395,1.1665582013415534,1.646409892218145,0.7584187726022529,0.4603246698461745
2023-03-09,-1.2182978240445623,0.005960791196426173,-1.538505975494795,-3.1070615190493114,-1.5254279543880491,-0.3774376003140502,-1.3908292742990358,-1.4437319955442578,-0.9546415565902706,-1.529675711047214,-0.027627817719770093,-0.8312435743268276,0.21250862245421673,-0.5820794892434349,-0.6982704224733652,-0.7651127201908029,-0.5824912453797394,0.341770676972504,-0.9596205102876713,-0.7002065904494464,-1.269126799818811,-0.6727155543117908,-0.48146792818905376,-1.0870050714777444
2023-03-10,-0.3384808087989208,-1.635742099013873,-1.3163028913043764,0.29460342120310484,-1.515819171008309,-0.35380922360255274,-0.4542978293177659,-0.1716398378234676,-0.689788550591619,-1.0671979184038285,-0.016225725469048262,0.6432287096520958,-0.36905529087705413,-0.39546184906040655,-0.14421000205880716,-0.29981220689945065,-0.2478265688598719,-0.5736775306416266,-1.1617951134024864,-0.339422219174145,-1.0913283005286551,-0.30963447116451426,-0.5276746584583267,-0.4974873110770109
2023-03-13,0.23392091598803214,-0.7794395596833286,-1.6494542021572858,0.37333407733698143,-0.6800458853892397,-1.4015701196183523,-0.742321379444571,-1.3829385423562306,0.38873136874121844,-0.22169200107133294,-0.3262822881905737,0.4061150257016044,-0.37524312025046963,-1.1422562214076701,0.3046508815416653,-0.247781472672945,-1.0564663185592618,0.5005997680293638,0.44194941160583934,-0.5130003760816563,0.2511659353986734,0.32326444382785857,-0.2602519649237147,-0.25731958744497113
2023-03-14,1.1779039022303384,-0.1267240602874163,0.9290278323566541,0.9056851960774331,0.5615416600417661,-0.8152469329273814,0.8633673262808871,0.15561816048981858,-0.46752433008518895,1.541606766624629,-0.0625955123199317,0.6797191149630905,1.0290844046583545,-0.47137764577013425,-0.20357040324706638,1.6064181693848445,0.2543059766917419,1.1179708547871854,-0.12753263501850443,-0.2849102357404564,0.9144044019731894,0.11146664388405325,0.44080567871446064,-0.1360752840857074
2023-03-15,-1.1323862896896202,0.2708093062757241,-3.621520986752254,-1.0629524327871633,-1.8213031802851114,-1.3947077694129084,-1.3767030701225955,-1.3765952164257445,-1.2313671378303213,-0.8215233976114084,-0.36567192500268786,-0.730035352224318,-0.9133682822136125,-0.7222595811060847,-0.19423424226179806,-1.3413104900862591,-3.3571596737768723,-0.4394169066064121,-1.1134542701517602,-1.8288870243042525,-1.6997215714159777,-0.6249289479626939,-1.0528431040961521,-1.4991207277761
2023-03-16,1.8221255498496838,1.300062086406725,1.1711024746771772,1.49514460866213,1.334986052266377,1.6473335545260182,0.7424042718404827,0.8281610035523481,0.712843468872894,0.7230226874010707,0.6781656848259552,0.7438900868708407,-0.9799836417133491,0.10703408520839548,0.8099674624944371,2.4246613170965428,-0.8270497093358636,0.429265562776506,1.5896417001580918,1.3319426185890497,1.8737154862420846,1.7713138660885386,0.34017666397188717,0.8569549602431558
2023-03-17,0.18682894189491836,-1.8199308575927593,-1.4061963867575848,2.4392230083567257,-0.6767168204943186,-1.5254872739654572,-0.13437149969039372,-1.0483457940942715,-1.4042171952032776,-0.4493414234118482,0.12075739486444403,0.1265336315943104,0.20815145106638863,-0.08204747963084803,0.875040471783033,-0.5719565652076491,-0.636188720182825,-0.6577308040275259,0.02579950722088887,-1.4424519491775414,0.04522652938969458,-0.4032116694231524,0.3964458188224757,-0.5101325104261063
2023-03-20,0.906242508638232,-0.2630956843067924,-0.49582141230391924,0.9027540689792004,0.471911764743529,0.8708439583018777,0.6237568005401699,0.09261376297388546,1.7365962913242767,-0.5994324974581071,-0.5684078728760168,-0.039287892096564594,1.8043716814528366,-0.6026618050979777,-0.5403732051605282,1.0819954260385365,1.1846194697366048,1.4157661002955562,1.0921569489052307,0.9429858002644131,0.29294843621184513,0.7167461424401105,0.13370444633296558,-0.6402891984853992
2023-03-21,-0.3708352473496153,0.005960791196426173,1.61995675931837,0.4194673308126286,0.6883508931408375,0.7538616393624404,0.7622281663691856,-0.1776611146859109,0.5027673618665176,1.078002772267163,0.2035051930364492,0.05712026835492971,1.5599089535856812,0.6276234876607896,-0.22034017911911652,1.032791463331315,1.6775518305199337,1.3842111568197735,0.5101335857704955,0.3526396661928463,1.4402143279923056,-0.1466458942874685,-0.2857987369295739,-0.6472616485791184
2023-03-22,-0.1873037462123715,-0.26524009957501654,-0.421145946990812,-0.8185183219166824,-1.5701531462641631,0.006511665790839225,-0.3218841844863089,-1.0319421992394702,-0.11639793319388486,-1.0525981309692332,-0.6107525556650022,-0.45876927940749906,-0.29722185305362125,-0.2452959643605562,-0.024202758995090282,-0.6378654277839846,-0.23681913861758896,-0.39457612875917,-1.2049411854917125,-0.14776560547985595,0.011518974657996311,-0.29902708739715383,-0.36944804229781514,-1.1718710359549558
2023-03-23,1.7193745281311708,-1.5257751511378805,-1.30430398958686,0.6042073027461555,0.4919500616845378,0.29786445250676497,0.24979660602091033,1.1157676531000156,0.13609655908943513,0.10233141596686912,-0.2650426360378335,2.181713214630382,1.1867918979958065,-0.7753912727525724,0.10342900387096629,0.728850070726546,-0.7811064332026555,-0.4272770237827276,0.44474672621302314,0.1485479411606979,1.1112489218769668,0.5597085574033837,-1.227714544613621,0.5034501670586373
2023-03-24,-1.2866058427304197,0.43061690454151474,-0.31127043565431856,1.3988141963160206,-0.06391017936618246,0.1649216503490468,-0.06773434842885517,-0.5166268822918612,-1.539063811561113,-0.1747077546898313,-0.3154098275820513,-0.34713790674396544,1.780736465901009,0.19464916354274575,0.27902492579260174,-0.24238485715292682,-1.2687077594747873,1.1937291514199904,-0.49750216031782296,0.42563941460034793,-1.1304968230860195,-1.059495480762582,-0.0059231574273440335,-0.14298504618648566
2023-03-27,-0.3158533358579548,0.9766101107778166,0.9549296526154804,-0.9120929659162831,0.811702525589911,0.4533035936590206,0.10110557776408215,0.7007405569215436,0.03909005802839387,0.08991825485366153,-0.35522971024134825,-0.5055938715528313,0.7574918933676085,0.7678066718035597,0.43238612024852957,-0.03889673757643497,1.1533777408167143,-0.7516225930313732,-0.5925142738120389,0.15294856797300624,-1.3537627951367397,0.2608379259834337,0.036283491965840624,0.24353162169635756
2023-03-28,-0.3825948075447995,0.41359219137569325,-0.18082187343861145,1.852501118644022,0.3693030974623154,-0.019693699480462467,0.41474310794910285,-0.8878948548852014,0.7824981895803357,0.10258642298633464,0.12860703661102438,0.9924861172696461,0.21114805197909112,0.6145511536157032,0.7919338913318913,0.09035823787573873,0.29585403149794115,0.024953128179682905,-0.5550297616541184,0.5307239377645374,0.03137696312089817,-0.35232343102491953,0.6410674785955287,-1.0514265822126492
2023-03-29,1.3992109580241485,0.14075594947152226,1.4871587101634196,-0.5016615236491203,0.9671668496886535,1.8467059357388544,0.05786025308964125,0.6010903465514864,0.21771604846716067,0.787215663732577,-0.1382272743554464,-1.0576676315242632,0.46776641854414014,0.49711539695110063,0.26120038101383564,0.4016899568770344,0.8409799146777598,0.4437008928912446,1.1915025732688114,0.9627445517987795,1.1223490484973118,-0.09704543623619472,0.6685372304673062,0.5070092697399672
2023-03-30,1.224298611794831,1.4543918776995675,0.7876080538810146,-1.0552550168390802,-0.021364645393964408,0.23952641279259657,-0.08799100318349785,0.5605908262237018,-0.27626385617511284,1.1603983678114584,0.09228261075715034,0.05438183816486144,0.5632699182754914,0.3345936146383995,-0.07127655337402262,0.8381253087203202,0.7148208615981365,-0.406514587400212,0.975733419442452,1.3678445699148631,-0.23503049841982698,0.4646324025139299,0.6544345660803678,0.11546727888119111
2023-03-31,0.23477603086073304,-0.12318193721540636,0.5978019082938262,-0.7569903961197219,0.4493972508011065,0.7007869057251442,1.1267433348820421,0.9487544937171014,0.01019903709947102,1.3760640049253277,0.7249895713358218,-0.10616792733434709,0.3759570722174652,-0.25883527354883024,0.570662608531722,0.21402652775953565,-0.3465390425928549,0.025434592217916167,0.7319297162177274,1.1347138775624437,0.26952551266166785,0.3080445795875705,-0.324370904433805,1.138563010209769
2023-04-03,-0.5361865857512063,-1.045330616462322,1.0499907956752792,-0.4570499455939317,0.03599742428928983,0.7696701619030435,0.0759293173573574,-0.10807829844489224,-0.21993357890792228,-0.16642856112623006,0.3124269992800252,0.5454585232983201,0.14111140298142424,1.2393297585186807,0.36901972082081647,-0.13054527642869493,2.5224346857077524,-0.8957499669389372,0.3406500023200626,0.3351516640398193,-0.16853729507843593,-0.09611366098742392,-0.06599158339029572,0.1125985268009812
2023-04-04,-0.43838811486270973,0.7202398067908673,-0.22249184568053973,-0.1626750936006913,0.12604584062670088,0.3345622270344611,-0.10660676466084712,-0.20671562709763736,0.3263491501348866,-0.3678382051202867,-0.930939513466228,0.1930904543413933,-0.44376209561223956,-0.3998204396348759,0.1159082346400811,0.7000415397060428,-0.8428320969895458,0.2110785735524612,-0.23861557579686982,-0.13658552967162896,-0.46395648179178156,-0.7058020517741105,-1.0242610421157003,-0.014049028677204995
2023-04-05,-0.40266045248769766,0.6542019468612469,0.4079435289348334,-1.095411965162367,0.76672640025365,-0.8548439854452919,0.11636096300490455,-0.1742374695712962,-0.1619591888083049,-1.5029999774296343,-0.6638098134853483,-0.7717082143100091,-0.310776947646046,0.27376033996272825,0.42071204677634116,-0.5344897604805791,0.31123420298475823,0.2410407433599297,-0.8475729932301888,-0.9856698281846573,-1.263722137210991,-1.028573854493145,-0.15114611709535253,-0.014049028677204995
2023-04-06,-0.5528891790172508,-0.6422803644683946,0.8534809169911478,0.12802924520520853,0.39604060751288445,-1.1506317272649313,0.05536913102406834,-0.3068658021453501,-1.0636424162320717,-0.1911285735547784,0.5332821619746743,0.4607540836789182,0.5385076063768794,-0.4521711197821391,0.7635875086107815,0.9267745004481166,0.5830562867341753,-0.03578228970683906,-0.9314370548078561,-0.9009291840934363,-0.03598911113007552,0.4742653272674507,-0.17271937383114216,-0.014049028677204995
2023-04-10,0.279358101023879,0.3964017052023503,0.0628874596116046,-1.6826121312412896,-0.6983675528806561,0.6004128865706589,-0.6970575608220392,0.4192614743401942,-0.2687320012235591,0.14411550233215342,0.2004358263739934,-0.3660395766134106,-0.21834205837028167,0.524559042959439,0.13986077315318868,-0.6222226095956205,0.1905014773406423,-0.9023524571015421,0.14947908383485162,-0.515535258542898,-0.8186092130105652,-0.670494797200368,0.5535090529670601,0.36418677190974846
2023-04-11,-0.19148151385478732,2.015504752660891,0.007057437899656059,-0.6660605185288417,0.710419849012423,0.4166084190934395,0.5652129771705687,0.15425322854736817,0.4798847239694353,0.8992493760801308,0.1631278177635618,-0.048145354672113644,-0.25457368516081386,1.6106444429943712,-0.22316115372376047,-0.4583657822952416,-0.015890730579443887,0.4606370703212312,0.18430415684698498,-0.26604133602104674,0.07677172423516603,-0.04574275252074292,2.0800250839474126,0.3616901586931159
2023-04-12,-0.43186472710860163,0.6102720899304306,0.17409667927782227,-0.0811154874470547,0.8814150476096387,-0.1982291535914719,0.17637361565111695,-1.3003374917533899,-0.7393057712540335,-0.8648781604535755,-0.18478136366280884,-0.46735022315796565,1.9725602750459508,0.4160546586224389,1.1640472357604756,0.2565857076497078,0.49281936951204397,-0.439645005141758,0.25996038479573236,-0.6875309599439837,-1.5594606564920175,-0.4672153803827135,-0.353867318530674,-0.7680240166344793
2023-04-13,0.7378982563846402,-0.23448399973004047,0.4493025838694453,-1.086406840071586,-0.27426701849842716,0.3388941670582159,0.8715404387953726,-5.92421388423271,1.6284366404492754,1.08009550896599,0.5671986542387157,0.8560829269939572,1.5248072124416474,0.3189733155292869,0.18986214738876867,0.4327949567865042,0.56073540123167,1.9572916452852702,0.5620505641072067,0.42949904336947997,0.054578011853266134,0.42813295813893415,-0.3774032815409397,-1.8131708316884816
2023-04-14,0.003791111424256348,0.005960791196426173,0.9317044297179227,-1.2131002956728822,0.7224118358644881,-1.2029761658406561,0.033660955678425454,-0.8645325968059163,0.9204665112975465,0.1129622405600779,-0.5647855838283156,0.12690193370326655,0.31873680922070524,0.382525908731367,-0.18304305357232326,-0.32141878193226825,-0.007474315762019707,-0.4595093253691994,0.16170414976189962,-0.7588223917613656,0.035186101351723086,-0.3083801119536245,-0.183424133319371,-0.4070901226400768
2023-04-17,-2.077309433057156,-0.23617644958259065,-0.5889245218072057,0.8606813324236425,-1.4175175541629201,0.7810194738424999,-0.2031940769447045,-0.004904463406782637,-0.6568099435615442,0.30638672007731493,-0.052973433365156204,1.6939606736571184,0.8744174713563768,0.11073587822857421,-0.1389957459250921,-0.12495186234386998,-0.46175182448641866,-0.6468759594837078,0.11456290354340487,1.0055812135319926,0.4415177398221596,0.3737282394047233,-0.5646262411278848,0.24827966795620945
2023-04-18,0.2713842575741287,-0.360553446078977,0.22475609244082717,-0.10576374823259223,0.16124953296320169,-0.044853384559321606,-0.42298382661210215,-0.9141523482940281,0.6625868718586071,0.13703983924171714,0.09143411211430552,-0.8622705910239032,-0.5165978177514732,0.3975979211266899,0.33205944930787346,0.19274903177903605,0.34168907093989187,0.6063166256109767,0.0389902481694211,-0.4331974153463745,0.034172963160626575,0.21441242476181466,0.1747409486762628,1.023328524858239
2023-04-19,-1.5681311133709952,-1.3728406202979395,0.16959079529344295,-0.9302909588772906,0.7752514518322391,-0.509221844793245,-0.2657362499964328,-0.5796716958420025,0.3470667662958138,-0.4053588417690405,-0.08900599658952259,-0.6235885320213604,-1.8254346940828634,-1.422752899428646,-0.058661028820342485,-0.1825465709298567,-0.33235076975507866,-0.8935618559206937,-0.250253751062762,-1.0565782339753556,-0.6385676949306781,-1.095704293814967,-1.649274884186274,-1.3137552788460636
2023-04-20,0.7171870009411125,0.6396610411524569,-0.9776985895878413,-0.21828682241476655,-0.13209305083360673,-0.5653780065027594,0.07476915556989999,0.073008905565354,0.40032770793074085,-0.4461119042101907,-0.6134507347131603,0.016940869697124696,0.08900096003894913,0.2296962562726212,-0.575599631424879,-0.23129809114699415,0.12266638642657596,-0.28339587100158337,0.18366402338981816,-0.8814399225756303,1.2390198799326158,-0.09890392703563586,-0.5375243982437015,1.1570125886273719
2023-04-21,0.015120518909456482,-0.11983739083805654,0.007057437899656059,-0.7817222862120251,0.7802107767505397,-0.09798435170554697,0.19427743699124742,0.03436436423094907,-0.5488429597636465,-0.3758793126527446,-0.4386140833614917,-0.5263673933855043,2.669516626699461,-0.37115447285817144,0.6796075327485959,3.315587702359039,-0.1540777746909932,-0.12918498549260005,0.33178458751375184,0.4853096786199869,-2.560518248765275,-1.1226290244407233,-0.9859727037002866,-0.14298504618648566
2023-04-24,-0.6001833919510112,-0.12029846784875617,0.6115814534521911,-0.7518046944980247,-0.32488424002277116,0.6051925877939844,0.666525567794713,-0.23494429736434116,-0.2856990638889175,-0.27887894143274267,-0.04229642386884593,-0.004297490425950131,-0.8360831619155855,0.802099952246546,-1.2303122927410695,-0.6678535024566401,0.43893766098985304,-1.2281096898184343,-0.33500410281588433,0.07373837380792915,-0.5388791845385233,-0.5942160319286552,-0.29480379604731005,2.0146625900841033
2023-04-25,-1.7586830524395163,0.5082007148546988,-1.7193004000279313,-1.8919888309576152,-0.7815954211247487,-0.7230203451993088,-0.16302384557028837,-0.15828216567809308,-0.9729084175177378,-1.3084687933567927,-0.7778006226600607,-2.6274302601233703,-0.74546383349086,-0.29656494708568076,0.1571732697182236,0.3913693804356394,-1.0529697989255093,-0.1318829515130445,-0.5163411878676598,-0.80731682881078,-1.6285382278159977,-1.8481388036627286,-0.8658268497444459,-1.2735018183873184
2023-04-26,0.2134155976524612,-0.4962791324618464,1.0735011291251868,0.048186879358902146,0.03291940800834425,-0.17710645163259517,-0.0058184889872321234,0.18876739538743434,-0.19141805878487578,0.13083293714051517,0.25091199479140347,0.5767447566607283,-1.3945007644993692,-0.1845154400142565,0.16560330313420035,-0.05576165697583568,-0.18130922153572512,-0.16393329650855665,1.6897142746868123,0.2749094778045378,-0.08773420245494355,0.06909043891088702,0.29089499345282116,0.4930833083295704
2023-04-27,1.5275233282253244,1.1257292020808232,3.001981698664456,0.47556172676286335,-0.08521527508881088,1.7950954774739387,0.5218211731396174,1.7002649753554493,0.726682418143997,0.22252578285219649,0.08416342368598859,1.160224451499669,0.3510278467265452,-0.5590742316808629,0.9736354523953925,1.4799359685481692,0.15772902697829855,0.28058923227674826,0.6612566858367368,2.007007236620671,0.8924291783016991,1.198080604822695,0.9784905316364322,2.2137194301298373
2023-04-28,0.5312808521898509,0.37113751558043434,-0.5123910649189988,0.7227217516380701,0.1193598547331218,0.23636507191054082,0.34204516846981187,0.8093265992168934,0.772706996854648,0.8798599338108586,0.820870133608929,0.22731396774980578,0.3636515947835329,0.7130097119659324,-0.12030802482834056,-0.6413623386159306,1.0627711093429724,0.02658601762478189,-3.148712863688422,-0.13474645545190167,0.3570251067758682,0.6182078958277416,0.16980795164499468,0.1071914785060906
2023-05-01,-0.03873192484397056,-0.35921593318758194,-0.41316323780367736,0.22520287295011834,0.04836856357308491,-0.4796550729889072,-0.08331765254521058,-0.22663087318790384,-0.3276273251952899,0.34918255964757616,0.821923007605836,-0.08360278774496432,0.08365326350233863,-0.28233645082216574,0.36425971326937057,-0.3781439918753393,-0.48684184674253034,-0.41791226099451373,1.4082226580296255,-0.3940370179011552,-0.2724567749249671,-0.26595389850230505,-0.469322583602153,0.4683650461294871
2023-05-02,-0.1419780808393814,-0.6115676960296983,-1.1705848430999195,-1.2516272195902154,-0.32102935028935353,-0.5607920315454624,-0.5103795827537285,0.14158352147587844,-0.6428830876082853,-1.0568184353056207,0.4588902631100655,-0.03041872933584264,-0.12316568396578446,-1.0226628748909226,0.15207317373506346,-0.0737361398653436,-1.769121029602923,0.5658293937562673,-0.5304827991416455,-0.9132668414158257,-0.741118345226991,0.009416386951170535,-0.9765584791370747,-0.1342653282673925
2023-05-03,-0.0010166963837332477,0.6733773507396669,-0.8705553633435718,-0.28292001044813864,-0.07740305168456622,0.05827264890672534,0.11081797414535913,-0.6337650103194135,-0.7955599674954599,0.6397108222462116,0.8321892558282996,-0.5119321628224721,0.17362287593345085,0.025642958455113506,-0.023123198937977426,0.6256493279650652,-0.6206044170475616,0.21553749132078984,0.7769855287279107,0.21309681664674304,-0.235470410608942,0.009344309855221274,0.03989195529977825,-0.8627841252532795
2023-05-04,-0.030143057687884577,0.612439815070755,-0.776122598794057,1.5689446762412833,-0.8165897609704382,-0.4087629274022121,-0.20082417462588736,-0.34046083718753545,0.787246385152337,-1.9619272468529938,-0.31585280990651005,0.32683514835330746,-2.854545151592175,0.3698080440493475,-0.12822687549127995,-0.7869780293941376,0.6978525248639132,0.8696970753843916,-0.13311185500248873,-0.41053605285438793,0.46871446696039837,-0.21121082190263424,-1.00588484849932,-0.2588890990300517
2023-05-05,1.1012025121233013,2.21641370623222,1.9383979781088643,0.6895626289954581,-1.2515641516493055,1.855544673736043,0.9398271169671435,-0.22952355395035576,1.37696784139946,0.835641222435222,0.3863294580156629,-0.0037464121043460216,1.0517949384230527,1.4084478706642327,-0.1548352331841889,0.28662225858878215,1.4897585151262958,0.5508870577827398,0.6194285239473922,1.496598244088884,0.9177472048226678,1.1534911374387895,1.2448327581348981,-0.13685899974077076
2023-05-08,0.29397146817057634,0.7853341651521759,0.007057437899656059,-0.3082641597133079,0.04378787079099105,0.10776779403135804,0.20305134394307633,-0.0050731082540928065,-0.1015971761098313,1.1143672702340475,0.30207465730879,0.9473481335027601,1.9320967019865296,0.09865895629142826,-0.30524301970762435,0.443376116493073,-0.22121063827050516,0.6373724554627072,-0.8575002718649293,0.12890106193237924,0.3116034644749433,-0.09955263094270901,-0.0059231574273440335,-0.13713064692920163
2023-05-09,-0.9482568401337697,0.005960791196426173,-0.26349026437260703,-0.9907019707609925,-0.9688961326423748,0.46031427624756566,-0.3687606837438624,-0.005105593864879472,-0.35367781941001325,-1.0780313035367801,-0.12944474179238563,-1.7247604630559716,-0.006851534347731485,0.3695860098261083,-0.08513331902406712,-0.5177753426600933,-0.01588162528772264,-0.2184970986352781,0.7729738261036303,1.6947258517461892,-0.37401932390475146,-0.6966231315617069,0.4450247254444357,0.35440031434911357
2023-05-10,0.9997984337448103,0.3345708693069899,-0.10165000230227125,-0.1907265485643696,1.872579257432731,0.13203079773701346,0.2036563128091729,0.0696075526452658,-0.4267078742446506,1.1091730404396434,-0.14138881956684554,0.5928798010704901,0.28714708094982794,0.2432467888443957,-1.6498377378222782,0.04926074315178382,0.13220484894783058,1.6524592053524645,-0.31815426155040455,1.4933881861190696,-0.16550698692586016,0.06340876192458485,-0.23059182685690777,0.10823328796488553
2023-05-11,-0.570766352446405,0.22327036354277943,-0.375641697815703,1.7372488366176475,-1.0094164372286503,1.421236226162026,-0.13991424317825052,-1.05968083544722,0.09473779958541313,0.16476151480097545,0.39175841173825837,-0.19526815839853728,-0.19659397598869802,0.48100620203084293,-3.589777194179605,-0.5396351865265556,-0.5445063458684254,-0.0943657078518038,-0.17783868603376843,-0.532545635824409,-1.0332242819062045,-1.373716136566697,-0.6666487208411209,-0.014049028677204995
2023-05-12,-0.2546861915280462,0.43646718900856174,-0.10292848412139795,-1.338298198745137,1.199950457802477,0.3983734598021451,0.031754875407387716,0.1472128880574384,-0.7433420601049218,-0.5149795462845667,0.06262950069054962,-1.4993553513126545,0.8025633006885701,1.281873562691739,-0.2882612028699927,0.016436312463302606,0.017200113735719922,-0.393472434136545,0.7717744018185956,0.3051899098780946,-0.06067694430761406,-0.21458341487343882,0.15482541435498537,-0.2588890990300517
2023-05-15,0.5564055177189726,0.7464105617622786,0.9328984179150599,2.4381344393337177,0.08293845660943996,-0.3607941773286542,0.16479591447751873,0.9340518104212147,0.8337482660041583,0.4307124620291667,0.9014440463740386,2.0805866553035743,-0.7199058892324599,-0.39111035805828065,0.7837938895024246,-0.14961895691109775,0.4633343906282324,0.14460228890679633,-0.059072307404145576,-0.5059971267346498,1.4081036713807489,0.3472232047130507,0.6739153889013206,0.8383172001505188
2023-05-16,-0.32451269229577495,-0.6277214108891548,-0.9738813346124139,1.5610850182590417,-0.9308162872868326,0.7391432583322464,-0.12052682186373657,-0.9055645882765818,-0.542293068019044,-0.6428287543776054,-0.8437816212995353,-0.1448277800181712,-0.7010585863817802,0.20617362240468293,-0.15949873726534333,0.8435388721613019,-0.837107985011824,-1.7636284125030062,-0.5348040371631962,-0.732077910916416,0.08214583786139254,-0.04574275252074292,-0.8925958081717604,-0.6215751871520764
2023-05-17,1.3025481183209142,0.21851116851410007,1.4700452967517297,-0.6522837817625569,-0.1198635901855509,0.7793536842307096,-0.13981846841338946,0.25914602647829077,0.646559895087753,1.1905903272655378,0.5388858460022429,-0.6919114044073478,-0.25090797831236356,-0.06992699263601393,-0.5400857014313583,-0.2681584298653847,0.7312596219851109,0.27106004966359015,0.7886698341003363,0.46993930624041963,3.0903248282812763,0.8942797254387075,1.0595947977510085,-0.13633134531929553
2023-05-18,1.7557589731182577,-0.20658958612124773,0.007057437899656059,-1.806683383252356,-0.22679047255425344,0.17441307192401287,0.16487857416542784,-0.19315339480605534,-0.07449931331973796,0.28754517701653803,-0.4255579985552154,-0.5484169852537447,0.5030294162456277,-0.09316387245095391,-1.271540616824927,0.5699726349083959,-0.1285567714803822,0.4220675047586465,1.8856868047425575,0.2458541832919414,1.0133855978580775,1.0351030554068716,-0.1623583589977487,-0.13660678238795548
2023-05-19,-0.18888612935319254,0.5348494696005467,0.37820215048217304,-0.14389209856315008,-0.18619554499091295,-0.2094309651649051,-0.1777189344943807,0.333322484486487,0.20657563670470622,-0.6321808927221183,0.12872158763139388,0.13718713364124666,0.69787915539338,-0.0010353892033076585,0.1356583943097216,0.15478112213829015,0.300043944373496,0.20740696027528507,-0.5249242001013812,-0.18635349407522078,-0.10275379876008248,-1.0173049336858082,-0.525441287594518,0.2307910416756417
2023-05-22,0.2700546193852661,0.005960791196426173,0.11251199958014778,0.5373003331524622,0.019720315404659294,0.866154525018005,-0.159129434008092,1.4366156433183606,0.6368474239288681,0.7314907050306105,0.5559119946759181,0.45419522919126964,-0.04783777104927799,-0.37273171899289664,0.6210751867864853,-0.4727367849030125,-0.3238851891694977,0.6280816500010662,-0.2745971912495769,-0.5988323406413055,-0.5803521575816168,-1.0950488572427386,-0.39548778086811476,1.4332684121760293
2023-05-23,-1.264983085030355,0.21523412560157987,0.16473273729147267,-1.4142562992035064,-1.0522585684043064,-0.44582267221343913,-0.2171145494606482,-0.4822562804090931,-0.5751071674471349,-1.1269801356928772,-0.465789300587622,-2.220645887947824,-2.6926120036455132,0.5546064595685294,-0.08350842618991669,-1.631722458112686,0.27530308353316785,-0.15525019934947773,-1.4941870459136803,-0.9469570522192994,-0.843226297773535,-0.2698680474018406,-0.799782257938029,-0.8538403110555622
2023-05-24,-1.1111010372275791,-0.9460831578304538,-1.0554313990065374,-0.8100414176025259,-0.340876034167445,-0.3287428107138733,-0.2758583552964917,0.06772817519352123,-0.5106628958305743,-0.4816568348846919,-0.026944320740775705,-0.17143788270133117,-0.6980118168013143,0.40834161882812575,0.6144095381715514,-0.31251285111538757,-0.6847919601983468,0.35473274374921215,-0.4660539863493238,-0.15013842982741363,-0.25187008644720854,0.06646067679530744,-0.5544902240068323,0.3473762090141799
2023-05-25,2.8943500585799344,0.8535249294996128,-0.31697846104830346,-0.14414972836532747,-0.5465893292908369,1.2198669401439388,-0.10281778184244031,0.32345075017307395,-0.9169092545510269,-1.0143149971009178,0.09466797093672104,1.0057078000043418,0.21565315112709327,-0.5022294329693429,-0.24930191230659182,0.09005752336758603,-0.9766940475848844,-0.8175701184612982,0.3979126473530121,0.12692558785255806,6.252156347430235,0.7868184557411214,-0.6132088573412321,-0.1342653282673925
2023-05-26,1.7940522316747123,0.005960791196426173,0.16938798515260373,2.424795701021279,0.3270171619629664,-0.1587429322599477,0.5702355295680968,0.7184765619168045,0.4684752497307921,0.8700612075182891,0.18216384461741333,1.66375010799141,0.16444424808882274,0.5001586545627276,0.02484553006763088,0.9071992561114527,0.3341650669280517,0.8074187746313921,0.4655686064284619,0.24492107982227201,1.1721586584133188,3.339809238764074,0.9364108581362576,1.5293602250482157
2023-05-30,-0.5631941220910508,-1.164995377181565,-0.2638406467388455,-0.7838114714277616,-0.04641971448228144,0.477618585676869,-0.1784532552934756,0.06537218619908335,-0.11834746577660976,-0.9675224431845239,-0.10364580353706748,-2.093785710880513,-1.2721490779954627,-0.54825440552434,-0.03398873195510645,-0.5673729076174816,-1.1113273442795006,-0.1247906773134771,-0.728189948781658,-1.359716870644556,-0.7282540276726355,-1.4424562173526319,-1.2192122195669353,-0.48450223960208066
2023-05-31,-0.4109928872829188,-0.5399588592604909,-1.3180294516862163,-0.24596876526045092,-0.37746352159903307,-1.0819681853761638,0.05105750707016794,0.17264722379962888,-0.8540610879710129,-0.3548508745758092,-0.23675002695733638,0.011784452096552066,0.21488117301802875,-0.4422506193184131,0.6774078999185756,0.07508710416952885,-1.315198895054453,0.05480068684541358,-0.6467904599473436,-0.9470593405178559,-1.9431280157607982,-0.7343523357834228,-0.20444660174334445,0.6901778536492712
2023-06-01,0.20366086332514394,0.9823868394654821,0.7299741682183362,2.5070838008626772,0.26767071205366744,1.0245307598530569,0.10814579892316015,0.2578024717618709,0.14087347412206752,0.5001546068806626,0.8689821998341248,0.28412186244589066,-1.0202585116720246,1.0099508647373088,0.5920353225059087,0.7888988146489857,0.9665355426291441,-0.4555748412613945,1.5868088518753174,2.5497905083832597,0.08034826487851743,0.2734119153627776,0.8777785467109486,0.5662220052822643
2023-06-02,-0.19590820256253777,0.9978524535808914,1.1492921510001377,0.8085407664822912,0.5682566530297347,1.7463284926450942,0.16471331040179638,-0.15088994359505298,1.5651514158547775,0.31268705603253927,1.1344145256632365,0.34077474227226134,-0.375822613707519,0.57904979661927,0.8401762509494023,0.35102829145102826,1.0171264416330268,0.2656156394943645,0.6780057325515035,2.9178451812118715,-0.004364017437590412,-0.04574275252074292,1.506500367834553,0.2164177946863373
2023-06-05,-0.21852380819570769,0.7261838696171782,-0.5873944249677377,-0.3512211717765674,-0.28133700377018317,0.5539457115955535,-0.17759056438456672,-1.5074479143517299,-0.08856003165202847,0.48108083069519814,-0.35863696384147814,0.015359637682707494,0.2431273683680848,0.24068391315587273,-0.30718061603597696,-0.7006290569552256,-0.47469297642342595,0.8000586544029907,0.20951442789195374,-0.17168010944168502,-0.5638260226797909,-0.8480027962778454,-0.16786141832681875,-1.5290137683266984
2023-06-06,-0.4302698030825486,0.5112129741575256,0.8689689445947789,1.5392393747816722,-0.7234880751950243,1.9988387941680388,-0.08266755022839248,0.8409330738844323,0.9444329514390231,-1.0336640575710037,1.0540320374135739,2.022098774572799,1.1086242027327489,0.6474278179260877,0.2972608163134346,0.1393319352003349,-0.00808417842281354,0.29048654452601824,0.769960202890589,1.4483209726415334,0.9355417693735663,0.43736262335283455,0.29415662552450744,-0.014049028677204995
2023-06-07,-0.4913501914269573,-0.0944979123685161,0.11356877709645706,-1.3748565607498686,0.4031064012452896,-1.7590202187797053,-0.21660940703695647,-0.0425236758560127,-0.742014105905873,-1.3900665853918301,-0.803064961861416,-0.022011157517995244,-1.3172007303752413,0.7571019893082783,0.276733877613631,-0.08413881564028702,0.43293768134255817,0.08335021114785057,-1.3178613331740217,-1.7273482189322982,0.20087384284360482,0.11412332267702435,0.45023535155293026,0.3391475937636796
2023-06-08,0.6150278936572349,0.20656372969892314,0.11330048677531733,0.1869710223102098,-0.22413926192388745,0.23256446000233605,0.07017302969268532,-0.7777856161792428,0.40087382844655,-0.003010104095103881,-0.4334143708578439,0.4973113297707154,0.7215994065122883,0.28813796401502034,-0.07059798456984079,0.6800471791645082,0.5485980139877413,0.1419787202100761,-0.1994827879129707,0.8108937774875774,-0.25534073708724636,0.7972247860058164,0.33192469364381794,-1.0802939372191669
2023-06-09,-0.33759425718448294,0.7966973843447259,-0.36596574496282885,0.5395046834838116,0.7781852754430423,1.5900923803619025,0.06996092471686896,-0.0055388388795139945,1.2739317248142934,-0.08128555088467579,-0.6006825963327375,0.003501583874572094,-0.5951977193884516,1.2240581011856746,0.21015072189044198,-0.24496662405391514,-0.3497811617149469,-0.03446787439748383,0.5012275565438997,0.9241991358694901,1.5104231807078181,0.0064094162802747255,-0.11813311181751193,-0.014049028677204995
2023-06-12,0.9083037971509565,-0.38711081246287105,-0.36929988033283806,-0.24533290858051865,-1.4850240815686553,0.686496328666813,-0.5048633568323099,1.2733595358789098,-0.9079616666361566,0.8214639886128284,1.2470556843454472,0.41563174702014427,0.2375203264335986,0.42751831813980434,-0.2576589162009962,0.4642126029076461,-0.5252751358636569,-0.21116374462026133,0.3786961496238816,0.47660914911078234,2.2002450456592038,1.1370863058635172,-0.6188734112575264,-0.014049028677204995
2023-06-13,0.4165451076281276,0.30118877328505067,0.7564379389946393,2.3744434684739626,0.7875634853193401,1.6452674076308214,0.6821253085964144,0.10183663950490052,0.6955989714843307,-0.8847118466277006,0.07743555246942554,0.8179282874429782,-0.4858075049443947,0.10708963184021407,0.7399023968519454,0.6738014068311401,0.49215365663303173,0.3771204472355238,0.4436540395215414,4.326948752281823,-0.19605439393629728,0.5089375044018751,0.2906861797900415,-0.37395678537667254
2023-06-14,0.13958533882192656,0.39563229940304356,0.11303354464643099,1.2839140207662258,-0.504523973117951,1.419050843594052,-0.31098409734135596,-1.097460294397063,0.023109246212523377,0.022692776241603624,-0.14889346921972615,1.2706615991544916,0.5315746724557106,1.23268070962383,-0.07914320621710542,0.10326440192855853,0.8261720018508065,-0.32831373685753895,-0.22221943653797543,3.6243875461341353,0.2564476359479329,0.30363397797957564,0.7790590139165448,-0.2552579667784024
2023-06-15,-0.15381997376241976,0.19913109819175537,-0.2583795549957224,0.40899735764943507,0.166110786769126,-1.002455386628117,-0.17852001964721706,0.17734470206570113,-0.07232262510889317,0.30519985285457973,-0.6094995687751723,-0.2398612083453446,1.3131367193420078,-0.19624914236956897,1.5367222001515508,0.6468157179839613,1.1026399366614046,0.02439215693995961,-0.15922980904507716,1.2075141754239305,-0.9961674963100688,0.20213701762576336,0.4776807231480432,-0.1350378657925122
2023-06-16,-1.1729372180433124,-0.09048819697881272,0.060275275172594074,-0.9757414563712857,1.510130517778148,-1.4490777628015958,-0.025491817542465926,0.720411897508532,-0.49751292510861267,-0.9066861262588898,-0.7734955658270964,0.0851827601014443,-0.5222264347595525,0.21361897037394237,0.7534728503722559,0.08829531712590268,-0.27264340149863125,-2.4982231234687085,-1.1765952670668454,-1.842102970816006,-0.3845590940202437,-0.8942630864485578,-0.07143261237384858,-0.3785600946282668
2023-06-20,-0.15298330130946547,1.0520741714488662,0.007057437899656059,-0.4366028977382622,-0.24463265656554542,-1.858069370751865,-0.5071817245988094,-0.7323574323503251,-1.5553428667258937,0.04390265680769423,0.14626704844511673,-1.343520892221954,0.10757490382041049,0.6328938243556462,0.10957750668296729,-0.5888848157321944,-0.016013745500019435,-0.9934633761371718,-0.7390221833162814,-3.557959642660579,-0.3757275682891747,-0.552600933178222,-0.8701877312711298,-0.5037253255021199
2023-06-21,-0.946691774555372,0.2857598941127767,-1.124958026049284,-0.743987281668068,1.2956936504961185,1.4369652869661291,-0.0642592867094243,-0.9630853804669254,-0.7757744526075684,0.34574750625715417,0.47551030953223267,-0.15132726227957102,-0.4816757457217507,1.3144432989716033,0.22388213440176413,-0.5714843025692977,0.3482192035497735,-0.03622394346729738,-0.9537407089890636,-0.35252386130726315,-1.3280880020120704,-0.6617668933008354,-0.1635833619822536,-0.13713064692920163
2023-06-22,0.6360558016631864,-1.1273358155108864,-1.1000495245951,0.3034373094155801,0.40481971189682064,-0.34281016408261533,0.5715445849601463,0.25367433245527166,0.41163602305335506,0.8489779011087357,0.143011535512608,-0.24761062293140612,-0.24452859224342896,-0.47535388085320407,-0.13778266426362415,0.1264032556995916,-0.5467643911237806,0.46041957571754694,-0.5347529783460938,0.2810088437465614,0.7496727071178181,0.4170802696634656,-0.16437192899564781,0.10903258957479164
2023-06-23,-1.3949289071268995,-0.38037446278281045,-0.6144761647592852,-0.7438885038180182,0.21003426015764706,-1.7900906975075488,-0.19798694556721053,-1.0484086499460912,-1.408069620579123,-0.4823724882573891,-0.4291769566760091,-0.6327711516998086,-0.4150149026023683,-1.1093191202825647,0.39004854658672583,-0.7678367812028792,-0.4096807405265648,-1.4436876009909299,-1.5819862664601303,-1.9202730519754025,-0.7233098107312277,-0.871928935293268,-0.48610979993986086,-0.7565501791882224
2023-06-26,0.10953425890028322,-0.2867126583125226,-0.22124032094666501,0.08977399869044567,-0.4787522303221884,-0.42190203645348495,-0.2565491077446026,1.07403309076067,0.7820482748830478,-2.1832024237648535,-0.2948175923319052,-0.28176620221290094,-0.776324562235683,0.6244461400293586,0.36961502145289404,-0.49864434336579966,0.5025183432566784,1.4644401505516436,-0.5009752868023425,0.5734617239347117,-1.052959892900406,1.0384690158202095,0.20076621358914343,0.7284521218338125
2023-06-27,1.6407251750859486,0.0158708819251054,0.6882826740900441,1.219242458860645,0.5303838476631757,0.5920820173872934,0.5117564694597142,0.3980664110467848,0.9125969684278471,0.1575624543013802,0.16739788522358334,1.770462540099068,-0.5385492744773743,-0.3404094170117816,-0.10140741982761248,0.2489647553004007,-0.21629198308659786,0.18005457791011917,-0.22887513582509508,1.3047494017538397,1.0244246113842197,-0.3198017074813201,0.2675741140686853,0.231318696097117
2023-06-28,-0.11359900275694634,-1.0000882373537703,0.23171025476419338,-0.5866472247673375,0.03365168360673085,0.742522610208479,0.031683915143460625,0.4309707948949401,-0.06445771354294351,1.3338463412218176,0.20901627051940255,-0.3256198483851779,0.2853562867891192,-0.11511919405015521,0.9009916982834292,0.5591354251718467,-0.2508157167930128,-0.7489277884377931,0.6560753494726008,1.4305709857633686,-0.6970576895917123,-0.9905078155163073,-1.3503345398157258,0.23025954337338794
2023-06-29,-0.11030084890125752,0.20958207594175074,0.7840540804511122,-2.0881521407703834,0.366144376706398,-0.3939546381551487,0.16454834943749233,0.4989805357798154,-0.5094503612639757,-1.1382587758105702,-0.15432256889550272,0.7130013923530732,0.0557658473745959,0.28326574665308785,0.19924512569827627,0.05402604287043399,0.17671831231240956,-1.2582393236101488,-0.8275253754946054,0.11694578804595795,-0.21537631900002335,-0.04574275252074292,0.44082077485991467,0.3504620372738568
2023-06-30,0.04010070429675266,1.202597674769951,1.0391655472176944,0.6958121289017323,0.15905250148491565,-0.12750781332872854,-0.08241998518836609,0.5650442357191787,0.5154993069566114,0.35418747121858807,-0.026232886327728255,-0.5664279253566709,1.8535494622909714,-0.9605659455100449,0.37647755199233507,1.0570953719406098,0.44237599990767074,0.6070215373980165,-0.006624118974318088,0.1461376794219804,0.09402243038479523,0.17838424092218683,-0.24026289798414205,0.2276720381157635
2023-07-03,0.5547039144832904,0.1430086840941634,0.5932475765466265,1.8354607777164762,0.8128251909003301,0.8066632186244417,0.5592103643651165,0.20578313403851395,1.4686874071872067,0.22984381443615384,0.027318082140414608,1.0159929745933676,-0.9803333382299413,0.2710847618800414,-0.5076586774600167,-1.0403617203752908,0.3973578433197402,0.6962490695714059,0.8236289730796894,-0.16318564676605932,1.1563179333515632,-0.10166479962384438,0.7838434478756818,0.8239701411719177
2023-07-05,-1.2753681832191994,-0.38709660368698817,-1.8317852212440286,-0.3941920249120821,-2.9976512134279254,-0.4813482810414374,0.011963176023150106,0.38065653990487247,-0.9340211192699661,1.5288851127562655,-0.2628348900414592,-0.5110801030370272,0.18403114800532347,-0.11732361752445138,0.5550415410712333,-0.08740277039521331,-0.8295686990242689,-2.002053726536047,-0.12267776785451773,0.673810158013821,-1.2390607484999112,-1.064705833752442,-0.866333458332723,-0.25223024363944013
2023-07-06,-1.1780671750721308,-1.5099861344696872,-0.49341657957740886,-1.0579785856408837,-0.563668081112785,-0.7769347248603319,-0.42038607553983587,-0.7140107015114302,-1.620980853820124,-2.8477190239925254,-0.3196955336560365,-0.9959996101444776,-0.7044319140366052,-0.7893551758970188,0.02786977050589337,-0.9244096312414319,-1.1252706084164494,-1.428503799424755,-0.5985279380775461,-0.5485671440674191,-0.9387240791428587,-0.16042914085455812,-0.5288609449308249,-0.13350251844108893
2023-07-07,-0.23287194367468872,0.8228904609184915,0.7280758665553885,1.276224065873525,-0.12882983974120304,0.18638544381411087,-0.23376798751025163,-0.1136682272204713,0.8970399541544661,-0.038858271923636875,0.5788015377733732,0.23584514540876875,-0.5751321623411061,0.19821477674851218,-0.3234224780028408,0.3641063554426824,0.9503673502515237,-0.13915527288933593,0.26608307747937854,0.43378505158678493,0.39675438771340976,0.3543583440104947,0.5405761603395521,-0.1337715762283743
2023-07-10,0.8509715816485512,-0.19643423222659948,-0.10306916588278282,0.08494592740613052,-0.15382813709677653,-0.7385723958038077,-0.27292244881397854,-0.1850753874287704,-0.16291028401797458,-2.179757380439591,0.1871379770255578,0.3313580584687012,-0.004405648728096998,-0.02089575354313154,0.09681146347444244,0.7219386733852774,0.2268900760587218,0.7950886129297206,-0.2333939860633175,-0.7750148764564176,-0.31682533911521904,0.5196006741737053,-0.45669950276164506,-0.8591838890817279
2023-07-11,-0.3858075590287875,0.3090976148948727,0.9340954306069341,0.10989088728542544,0.8087838464835698,0.210535727391328,0.14595356796334447,0.7723505944859068,1.083008871859284,1.0717608326868788,0.8847772861367855,0.4802434059360712,-2.001026459021951,-0.08061777526666132,0.10510999515319354,0.6321639649371766,0.7887972776678415,1.8231129922266813,-0.6909544676573103,-0.926412264527381,0.7647535048131819,-0.04574275252074292,1.1898078206948184,0.22870284736250945
2023-07-12,1.2966249556172529,-0.09478100907899131,1.4387748840826562,1.5088689360810057,-0.20953675517145515,0.7045676274098548,0.20206611130581442,-0.6437016832607159,0.6849802383103206,0.5735102178270243,1.2556058117592472,1.5871570935543022,0.9840684221719247,0.0984073611998699,0.01119538021591089,1.8678440888577337,0.7522659249303183,1.4890828305096864,0.8795793971435804,0.3962028623540997,1.3724394099620616,-0.5542206024191124,0.47356304825782813,0.4683650461294871
2023-07-13,1.6515187466083496,1.0980354420238851,0.8841960851639796,0.9276229934194268,0.38591852806138793,0.3194258970146915,0.4073860933282579,2.4613882363024087,0.37173077914222996,0.12918335950336213,-0.004810118872211031,0.777676244083973,0.8194648312735301,0.41265534531311937,-0.2363836551581372,1.437832558387395,0.25943151432474293,0.49554877820809745,1.4115172550979374,0.5071398467110964,0.8272011604415388,0.12440015325861857,0.9097358895066302,0.7019950596953664
2023-07-14,0.1580312172234824,-0.7847705191979389,-0.5066993560418763,-0.8181410381069149,-0.00549605471645604,-0.35122344382826887,-0.15678808508449316,0.801843235466193,0.7942822334096784,-0.39156088114962295,0.2799176494813371,0.10711528144899617,1.2532986818330007,-0.5740085282815235,-0.47844039138536104,0.14689164564073587,-1.1665610999017353,0.11944683537265535,-0.857937608380401,-0.6180259429178065,-0.28793595112935005,0.06732625775819416,-0.11617622358224798,1.3915660284916007
2023-07-17,-0.02359479381618337,0.7966921015907912,0.31606400374604804,0.12414217352152156,2.3364187419161313,-0.15059294061925863,0.9037989350908897,0.7895484360295484,0.6205121439209663,1.2999584165203837,-0.15173210665968603,0.28907864637784236,0.27692035059848963,-0.06100787277231535,1.079143651388815,0.2522691423783083,0.10783541398414935,-0.7560039930828663,0.6158361768234065,0.12276244931747583,-0.24635292035729262,0.7377161339748286,-0.4956717375022481,1.4705274454222788
2023-07-18,0.1095057527210236,-0.38709660368698817,0.9207087653226657,-1.473405853541138,0.08623241694371371,1.3194135113550711,0.029649368935221767,1.8743879647316697,0.03633433402354987,0.839549796991255,-0.053951764481405755,-1.158629291056598,-0.3146366942492387,-0.22207870080046332,-0.15832312187673447,-0.052836297412414863,0.1897578605451382,0.27758422863357346,0.8018982277526485,1.802353460990141,-0.939018867761701,-0.6039357051762478,-0.09578692922506471,0.4350619129317513
2023-07-19,-2.7777010344393225,0.3990181860798406,0.7535971090983642,-0.14337115735161424,-0.16993976248363651,0.5115052975103171,0.3038669840946002,-0.5882958660755792,-0.6283620614040071,0.4573528708697081,-0.32130274209428045,-0.16946750142679518,-0.0483053392059208,0.27998040596285834,0.24782868399141936,-0.8325766690708961,0.5638405417281409,-0.4453188269715633,-0.34825170731284333,0.3502543353752905,-0.10928642584721186,-1.1837719055910243,0.039040707313255575,0.20918188861203496
2023-07-20,-2.8242341216337192,0.005960791196426173,-0.14119612212686547,-0.1830193185329785,0.3261363703498049,-0.12486185910654991,0.7693504128679143,-5.0632390947567325,-0.6773575093283064,-0.8567815503817905,-0.14437221596569916,-0.20070593095636569,1.6062916023187244,0.13838665101865455,0.9720969185998652,-4.036949706467074,0.7018711236254,-0.25803762872849334,-0.7948280669239124,-0.35822456882254083,-2.943534723573613,-2.903189044328697,-0.0059231574273440335,-2.2867867819178085
2023-07-21,1.1694241192074213,1.0639537230217826,-0.3908555494059563,-0.42609150660027184,-0.47207361615143345,0.5739726609439237,-0.043393257023857226,0.23855103474271172,0.06493423542626371,0.626457933310324,-0.06482904050665052,-0.14726783543742653,0.409206876105626,0.6467164738966883,0.258277821486026,0.02220279159732275,0.2958908179762495,-0.41834033199957804,0.025617466073846323,-0.25302229918037555,-0.40884793782019113,0.015716338928151986,0.30705436127253366,0.4478157288841809
2023-07-24,-0.6805089103317077,-0.857195055719127,0.2064805472249907,1.9956209977791923,-0.3423263376311381,0.8488964408288654,-0.007590378061074628,-0.32359838645473715,-0.28106460817085366,-0.7157722856175197,-0.2966747796528408,1.2410950965379401,-1.418618451536477,0.744981768218608,0.5349459719273139,-0.7693329465547012,0.32578403920363475,0.5348046269408055,0.09875243621088534,0.802902744532824,0.5089611601731545,0.38208578287356987,1.1301303008907977,-0.5919635627147839
2023-07-25,0.14599673208248246,-0.18887629371337358,-0.29243852878632953,0.0037780540024230733,0.3053004740071583,0.09231813961131573,-0.09715200894137209,0.5182569315597256,0.9995842030675334,-0.5457531721867879,-0.04529842266477727,0.18809615199582044,0.052620598482980466,0.4480232748668554,0.3190094981628045,0.08282020208299665,-0.2768716291495655,-0.608777159589881,-0.03660939304073693,0.4663407849728268,1.1002872660791139,0.438172104679851,0.966060130111945,0.10200074779898237
2023-07-26,-0.2665534509661233,0.7786737222579401,0.8992399952020445,0.2288921328679633,0.20258688499061694,-0.14371769995305614,0.36722654006073274,0.7884555351811514,1.3402853867448399,-0.2165845871007967,0.015440155797086122,0.9879548069911954,-1.622017789361756,-0.03817632110200964,1.6927473831232922,-0.14397332223933285,-0.32641318149936605,0.21801415590105636,-0.025362942213999602,0.040916641890105986,-0.5680719438844891,-0.7736211554469689,-0.1519163517407374,-0.014049028677204995
2023-07-27,1.609530659156056,-1.1598095347485022,-3.895446975790425,-0.4099010237746734,-2.040833884142924,-0.014980700595303102,-0.9050439584412707,-0.00816393086789175,0.7077083939898657,-0.23945599367659365,-0.4125648928648774,-0.7666072355075089,-0.6876006229519587,-1.6285209231236828,-0.1008037396085426,0.7773895245935903,-1.4773335340821014,1.161093769531989,-0.04224763864911796,-0.1543135519202054,-0.09430238972379922,0.9221161024324313,-0.6607121511425879,-0.4796860547551343
2023-07-28,0.6447359171142785,0.5938552709896403,0.8591794311852832,1.9355543421937942,-0.18272336229682287,0.5630435462482762,0.37159021326498365,-0.6295304407057072,0.7239937717577588,1.604500321441775,0.5644497370473686,0.5101818484316517,0.42361236114174894,0.46851525512369085,1.0505780261915423,1.2215129724753668,0.1158444233807099,-0.16140525924499907,-0.21688771059231568,0.789839397004596,0.7792755675572727,0.7840523869501791,-1.202149035679794,-0.3658022943823509
2023-07-31,-0.18670327898256597,0.3923019060972436,-0.045705579552086165,0.16553581048855284,0.11482418337433498,0.283066430289947,0.2967467102863125,0.6474492904548974,-0.41900335214563295,0.33330564429631965,0.045476940647339655,0.04792328931725984,1.2534858578771828,1.4158002649684633,-0.11541294322463845,-0.22550236323412653,0.564759631159697,0.2760315202578646,0.019797943479489495,0.48678983858330815,-1.0128253890319547,-0.04574275252074292,0.8469615123560157,0.570993073002281
2023-08-01,-0.4709871757111632,-0.673051788070616,-1.0621568562402743,-0.7202050971697658,-0.6273097173819289,0.027737083091203936,-0.15052695445197892,0.4355394601934914,0.6811467475755838,-0.855743063964191,2.707580049992239,0.29684142048409806,0.20505737517825923,-0.9182471138409664,0.4503461247246241,-0.0010141565378185692,-0.49783065375940283,0.08834444222632534,-0.11551560659257451,1.6436684860912598,-0.48347946172501843,-0.5179999575919371,-1.058947646939148,0.44969709562423354
2023-08-02,-1.845959757494658,0.14301215693476166,-1.649383695028563,-1.7292410886932958,-0.7487106326672522,-0.9768845504876039,-0.8926020881842506,-1.0026878744580183,-0.7676009538637465,-1.422398063141469,1.1694715384530605,-1.0822464969125907,-1.3730038231812256,-0.2689156507616436,0.0395783275931292,-1.465558836937731,-0.9109297956579707,-0.8509364250265642,-1.4366817386971003,0.8912074917338352,-1.6099073046775931,-1.3711395418736494,-0.5686015591041069,-0.9453503225222659
2023-08-03,-0.19999886639542336,-0.6849104971040966,0.8985802935332108,0.8770108460406635,-0.36785952552524276,-1.473857080246082,-0.8914865145158773,-0.0771195327940539,-0.7789254625125043,4.522282441901917,1.5513026145187725,0.7147087938082567,-0.3630700898586874,-0.039522857708233966,-0.35443363726628035,-0.48567843306139064,0.557773110746334,-0.543582079234334,-0.659243789550488,-2.4575374215662062,-0.48117573706905836,-0.291066833638323,-0.23383617216799613,-0.4854763343040933
2023-08-04,-0.266359123829518,-2.7991069979442553,0.3365812596659464,-0.44393212084865824,0.4151319039173805,0.13843932766800524,-0.025491817542465926,0.645368661857177,0.45682689275905775,-0.7837645609431637,-0.8665794350513779,-0.16275490001578558,-0.41290748123142734,-1.0014325295713213,0.1868256465256392,0.33249984248474623,0.4615879904058864,0.24892034917282563,0.040134205962833965,1.0058819029285655,0.6268424878892386,0.5043262598857094,0.06262684899796295,1.0412318601207133
2023-08-07,1.036484975488893,-0.21134601239872255,0.33402390656838077,-0.33736471160195974,0.06858265701076491,0.749300971116994,0.38199934248698075,0.19629986940794253,-0.2670860016330967,1.6462441896309163,0.2173096409388984,-0.1594783567961568,1.8430904662331633,-0.10114131772440214,-0.045277679875921927,1.276949589408861,0.23766675201447227,1.0318753532869818,0.09249223203299649,1.165562751794435,0.04923070135696862,0.3171934023976639,0.08523828152259039,0.4487487281971647
2023-08-08,-1.048993840074354,0.3314071314805457,-0.8705553633435718,-0.842597499377472,-0.399434065468362,-0.08046001501856233,0.1322328448928154,-0.0765833215194638,-0.1625347757466948,-0.8585241552005667,0.5013473253052164,-0.4979315497091096,9.961788903357894,0.039048254734175364,0.6461745017356014,-0.5495757628683545,0.19594714123505835,-1.042026697116888,-0.416300331980234,-1.4481801190724162,-1.1461136987630651,-1.3293055926837234,-0.2802126315267277,0.44502785297791686
2023-08-09,-0.5487094982800241,-0.31948554908769333,-0.15954487034524228,-0.2721233900529666,0.21695264217181703,1.8309365714220533,-0.06255225379951482,-0.24728757545651683,-0.7497319447573589,-0.4722442105697222,0.17027158617189525,0.12644740790247236,-0.5680591409892414,0.2183759731774719,1.155904276646319,0.3850198230010531,0.6783949703374412,-0.16369801533797285,-3.6808952681889076,-1.455468255634863,-0.3620258776164253,-0.23219589299367258,-0.35216814329954754,0.2141028170099928
2023-08-10,0.3291854487754498,0.3314071314805457,0.34584327051547675,0.24633969491958074,-0.25169377665295545,-0.057053920976744305,-0.47267901365862974,0.5018908383193551,0.23664626920184617,1.9304475047913057,1.343076163054878,-0.09445368130062451,-1.9123250896037853,0.15742423104240902,0.1571180518334088,1.0440648622808597,0.37344088402596526,0.05840795199957102,0.9372096837724916,0.1767628227988331,0.4230554086830047,0.016497043100764292,-0.23888520163953864,0.21319767431301592
2023-08-11,-1.2173840530850824,-0.42867941187068637,0.06325667146876558,-1.667873499617125,-0.24425940755512557,-0.18453041275121773,-0.4962101521664247,-0.6895996123533473,-0.4195708451118547,-1.5519833764781543,0.16920121190172502,-1.6122095597895345,-0.2099548013571592,-0.09996569700547674,-0.19333609309294492,-0.1258067170053375,0.08094461642780806,-0.32320161249108237,0.03284981071826658,-0.20464917516586068,-1.7361343450984665,-0.7352536756707835,-0.42963060912230205,-0.583875864818199
2023-08-14,0.29523780857294935,-0.5452763366858858,-0.1617712402940594,-0.08907752358139326,-0.48754084761464017,-2.153260101125203,-0.40574182993251423,0.5706779257486861,-0.3415977294363481,-0.9600126888293522,0.5187703246931828,-0.05461705526388351,-0.7931441250543795,-0.2599592254378252,-0.5322534276288338,0.5573907463564639,-0.6945784022234555,0.0586872858525169,-1.0551490070068252,-0.29957705572535304,0.5892471582975581,0.5192006068362467,-1.1102883472576248,0.10037925878636465
2023-08-15,-1.1491830546933859,0.005960791196426173,-0.9049451212901064,-0.6552601308851317,-1.0923927016018764,-0.367589206865945,-0.2744360193386936,0.865102778389487,-0.5486268197484867,-0.33696544548253426,-0.7262109699540663,-0.1736100757008957,1.9164432036794177,-0.14148744521948683,0.15880628480771697,-0.5775608292062069,-0.5148384245206695,-0.6134058969435594,-0.3305907913730597,-0.6477990492722357,-0.8985651146654273,-0.864113815314646,-0.5162938117647092,-0.014049028677204995
2023-08-16,-0.4478415976092125,0.005960791196426173,0.40848696254259115,-1.4273263845658422,-0.28752303238737487,-1.1283531557788222,0.18524491587538355,-0.0425236758560127,-0.20981099333872946,-1.1385174741409465,-0.004810118872211031,-0.47999040093203343,-0.196964241122057,0.8114315315388695,-0.06702491294332669,-0.1393506471399988,-0.20542161491530586,0.31583879554342953,-0.8743587376056264,-1.5419460356018382,2.9563096172027818e-05,-1.4006743039310143,0.019795593961423958,0.2141028170099928
2023-08-17,-0.2120654805828884,-0.3291624821251024,0.12105669992118501,-0.21414775144751963,-0.3233257822730173,0.07379164241851695,-0.14031078089308407,-0.5786396554596565,0.6917680825494736,-1.5389010074689766,0.11404569481669563,-0.07429016796880371,-0.016604241223119886,-0.19695168677558653,0.315701332790101,-1.4089338478065563,0.2559300000541243,0.21857712788779446,0.049007510870509266,-0.006297736826664773,-0.14567879402558082,0.019731480572641156,0.2755683981074438,-0.2422008743644028
2023-08-18,0.7682828920164644,0.22974183327001452,-0.27851459171224213,-1.4727704552401373,-0.3771424814204167,0.27499335108277617,0.03195155711497665,-0.8903960054745873,-0.004156791171561464,0.04465987204476164,-0.1713460265689037,-1.2843764594066158,-0.2825050114704499,0.2923180682107609,-0.044302742473613335,0.44481229153873947,0.17282848338603668,-0.6140363155585126,0.11264710798977055,-0.22519494524467332,-0.3897690917186061,0.15009517682753173,-0.210393303049642,-0.4731259103323268
2023-08-21,0.47658107819928736,-0.21782025087716217,0.17863020549002526,-0.07294251877261135,0.66413653014031,0.6951944826223596,0.37455400498513575,0.5015561300247245,0.18528153165374064,0.808028832035813,0.24069038265203643,0.7990436272398143,0.8937517150332382,-0.41263326973440057,0.23198900267350128,0.589522803336289,0.1803986185670666,-0.03728343227314479,-0.10456217875181253,0.42114760880441676,0.8246345491774467,0.47228139940367075,-0.03158232587413158,0.44502785297791686
2023-08-22,0.3116088760129296,0.45204573518980157,-0.6834673236374681,1.0895885785332082,-0.6441944613560739,0.31524183123009875,-0.42553764007006756,0.3285586892587843,-0.004156791171561464,0.36657758822700454,0.44898762170717543,0.5305513870555167,-0.3321876856444356,0.6277172121609961,-0.20838841712135783,0.7653644710701966,-0.40075352401077796,-0.19871285255634805,-0.48959789690143807,1.0327297213820303,-0.25352168120290913,-0.6942311693834772,0.9794079339680957,0.10013836335991991
2023-08-23,0.6402789931573376,0.9886721354611399,0.41124060541206897,1.275609191308238,0.7144869304700543,1.5509641189116732,1.2568770561910718,0.8912951380260627,1.381950723007001,0.41660431700005907,0.6248473504065026,0.26180338248076485,1.6469261307307204,1.964041046183262,0.948699450236639,0.7160866462133639,-0.1641579196981769,0.8297299127281994,0.40173982479480613,0.412712843510718,1.1219440221122052,0.6670737410584321,0.6829912532086262,1.1154455531837124
2023-08-24,-2.2043246112748442,-1.1990544549880746,-0.050450251498030806,0.45369830690844937,-0.7120946236015906,-1.3621497372939504,-0.4550449699621255,-0.5075163515113981,0.07470197504989035,-1.3084797503836745,-0.04281607417351523,-1.6282599790286616,-1.6123374705234228,-0.09410361673691475,-1.3450096091783323,-2.047365503559131,-0.22267325628842824,0.408188988169672,-1.0589702486487305,-1.5274605012867624,-1.0685100106717111,-0.5630073115078043,-0.5954984821772149,-1.601691107067171
2023-08-25,0.1849100772279568,0.005960791196426173,0.06456512729734293,-0.04994354780444925,-0.3169529392319702,0.5311742540566654,0.1243942657474819,0.3562811783322668,-0.22789685619568675,0.6125161176433184,0.040789297311971597,0.028715811280003577,0.3250021478061349,-0.33875684768660125,-0.5286819222298772,0.8254138559185488,0.47079306513947605,0.058260796898324016,-0.0209821181919891,0.7838807664634035,0.28129614349810794,0.6639414666563466,0.018863596306379862,0.32991107581471335
2023-08-28,0.5383811510493588,0.99504081670482,0.7475472817710739,1.0211180119820127,0.6136764852487012,1.6416208444410483,0.4396309477633122,0.22181022383026155,0.5338287914589631,0.2889630220084738,0.48461760961523626,1.8224522141578585,0.3161928032761335,0.3553321881346355,0.0008210012626098064,0.3722929604480427,0.3197735979390608,0.2476240163086607,0.5735694311530422,1.3006871344776005,0.47502787860582385,0.7785119898872653,0.436939051676106,-0.12847731614077465
2023-08-29,0.5706119353257267,0.5432323622955693,1.0664555123410575,0.9901880585524507,0.08282300490357135,-0.03601242924310385,-0.11812156282697851,0.2533835451367423,0.4378125957322143,1.503839299330274,-0.20710563448070518,0.4833493139850999,0.9184587369108455,0.14761164413523878,-0.4415568185741515,0.734296379584749,0.47964391962292696,0.4034204850215763,0.2923728050062055,0.040251121703981645,0.5754241203545116,0.948018740934367,0.9802136105877313,0.21456665082349524
2023-08-30,0.09517365430336416,-0.9673263197371809,-0.2691609159741783,1.2262453422626876,0.013717779381890848,-0.014764799898820551,-0.5478709208536793,0.3822297442446108,-0.4330760165346379,0.995810940567114,-0.3984501615749999,-0.3679709480325109,-0.8050708924842866,-0.07526031386289662,-0.7857853458663978,0.2387722133765419,0.18609640288929338,0.742108066605473,-0.2197528976345066,0.2845399805327573,-0.23664816821371204,0.5035616430669024,-0.0059231574273440335,-0.5873133023694576
2023-08-31,-0.7139642139248626,-1.1093144349303783,-0.5508688197740709,-0.6209688171476209,-1.2304075171373208,1.0201995010554246,-0.3646299383553569,-0.6314711598589828,0.39886676490112005,0.7258207503503367,1.2845692418763734,-0.2523072004079031,-0.8653030403004535,-0.9272235377049698,-0.6239077496019264,-0.4345768738175073,-0.12030798830717095,-0.4086918272349457,0.4817490426265596,1.8657416174188661,-0.776116356922686,-0.6565062395572876,-0.3870983567496938,-0.5931451991789822
2023-09-01,0.09235383648568617,0.38978549257386164,0.2311143277608729,1.0096559783918897,0.39150893882260446,0.006511665790839225,0.5196073127493752,0.4486973894914173,0.31861275498214886,1.218765416153882,-0.12167469000567306,0.32896676255787566,1.19776907276936,0.8320845317647447,0.032761690308637646,-0.6809848941340598,0.6102065711381514,-0.5682706286930784,1.2427603451624263,0.16184502981356913,-0.2872744251491876,0.3826763334127846,1.9006850200032794,1.705860084655088
2023-09-05,0.022358988372870443,-1.1356102842582694,-0.21699945196156079,-1.066515271894916,-0.45864462191256783,1.334932736312149,0.06781205891338976,0.7668990929122806,-0.2880957587680518,0.2905781336500495,-0.3730872193423312,-1.2089902222962803,0.2248107365200146,0.5708905990420297,-0.9171230708138695,-0.2501695024511301,0.0005963926162297494,0.18322449955945672,-0.5007670944710201,1.2570452240656138,0.7755105958825048,0.6791475109669289,-0.2550938436636023,1.54562164216034
2023-09-06,0.12746377409261164,-0.6978860730663057,-0.21819602499417584,-0.20418404515377644,0.5135200119516595,0.945471588917207,-0.9104686337607315,-0.6566434608575973,0.3312475550734303,-0.27356270339313865,0.1504373966332425,-0.5012954373178473,0.3356250912249762,0.2352443916973089,0.08934173523219059,0.45574818919976934,0.42927460270881257,-0.005075671914953065,0.5420192215535541,1.514795843862185,-1.455348457756715,-0.7097644750987303,-0.6028239617108563,-0.6772520699610617
2023-09-07,-2.160814895236835,-0.3515177680758021,-0.6186635795374198,-1.3691628614565223,0.14463327691765326,0.0672981756107021,0.3532792493491621,-0.23782665962272134,-0.31367928038597154,0.21401323296552704,-0.056466712504020994,-0.740291251342504,1.3034776072858554,-0.6790313467411715,0.19246171090322936,0.5134519622367986,-0.28478233375185263,-0.06777718816099797,-0.2203174759219697,-0.008099902766626055,-1.4107208677591152,-1.2792894120620224,-1.0424979731688593,0.428945565935406
2023-09-08,-0.8167134264812209,0.48175923201349274,0.34950788044990116,-0.4065727894982462,0.9939682280568523,0.18854473189363455,0.29391073365628473,0.7025578033378916,0.21527474441248393,-0.25025384118672644,-0.04176387627215124,0.14566504390934876,-0.034011913765320485,0.22071939766465096,0.3890259598992509,0.2040548787000213,0.13556497057362843,0.3702006859197483,-0.6822243633808014,-0.79648221330691,-0.314784684538605,0.016761708932334335,0.3038967570742193,0.3159477400442286
2023-09-11,-0.06551377646168607,1.167083142691419,0.6837370741106553,0.7249339067511724,0.6898174986374418,0.8894933934985907,0.8272820530830933,0.5975846565050571,1.3436731494308671,-0.17828142005570363,0.36992447266659967,1.1499684155837522,1.2783806783919034,0.10916795849274419,0.36253401386792744,-0.5847422107756504,0.2536675288237032,0.42991196657849756,0.5566550150127253,0.6568236280021358,-0.08553521000658346,0.45112222254415196,0.8826493882603937,0.640265692358537
2023-09-12,-0.7488708188397915,0.23348553650407225,1.1112669010949283,-0.022270665805073742,0.24711725739748883,0.6810305238003092,0.26727541352686635,0.3065025393473415,-0.6864422493249125,-0.6504536602175273,0.6520029422877575,0.019046474334211725,-0.9261881016143256,0.1452002879368691,0.422017894307824,-1.7709046263063253,0.4325946034127862,0.2729767529400645,0.07633429375191657,1.117745980740648,0.48354499608163,0.7499103306958971,-0.21412154405208922,-0.4494203054849469
2023-09-13,-0.19155034820207328,0.45648633366981106,0.6022768333288623,-0.16450731325248913,-0.07142865773894022,0.3412618954835014,-0.1899328786373762,-0.23263056485499561,0.7157715630287805,-0.08907865253663,-0.6981474061721845,-0.21065988600699306,-1.3716680957835385,-0.01926209903652293,0.6105999761067931,0.20726364982996218,-0.10900756053255906,1.0343039824931952,-0.6621571826876325,1.13999545465735,0.3928699010446547,0.376814711589746,0.22532446679137927,0.31278985158753786
2023-09-14,0.3267211375684098,0.33996884269748595,0.6469447465340958,-0.12144611220103148,0.5281356332919872,2.1334798841739735,0.0293892761909939,0.30552930816901963,1.0267401358499262,-0.4077447955500899,-0.6328965003304332,0.20973574441290854,0.03786419876281566,1.0017139355144666,-0.10650501770526724,0.08932111031517562,1.0937238949928876,0.718348185096669,1.2239631195827922,1.6701832626504143,0.37997907548961524,0.19391163350761223,1.567071181916817,0.5265500877036136
2023-09-15,-2.068033940516133,0.005960791196426173,0.1655259091728526,-0.40665862970965655,-1.0240837831866443,-0.4902281277904882,-0.17199915003303964,-1.1896043184464973,0.09414332018536214,0.2952083427921809,0.09958238320366042,-0.14026612366298205,-0.8413318140556824,-0.3015239665328418,0.23094736262298454,-0.35810196173123054,-0.5313574933860337,0.26407589989434727,0.10477773177871806,0.48435061259763784,-1.42877949922321,-0.5868092252765286,-0.18177035061032998,-0.7723357018874333
2023-09-18,0.033217390798652345,0.11656310324895935,-0.7375976573093111,-0.4794623799776542,-1.421341413793023,-0.22398794757783688,-0.025491817542465926,-0.010340600471543778,0.25299742371528094,-0.3794462497945934,-0.8277200544729031,-0.06651277091330579,-1.315127221096681,0.3345926732236008,-0.9246488336262074,-0.01899321810409214,0.4481263062686787,0.8543541217600417,-0.05350253267036531,-0.12580885674365,-0.3233304860182516,-0.4712124472671673,-0.4722590784449652,-0.014049028677204995
2023-09-19,-0.3770305092519485,-0.550724153460608,0.434180713448325,-0.44312295387692807,-0.4372265241710441,2.7405974206830512,-0.1356910741353865,0.05390344494433781,-0.5444157235757723,-1.1267064650899752,-0.17378230309370854,-0.08211603166146139,0.10768610627713834,-0.1948417526059585,-0.045506499439634335,-0.2643185898263824,-0.045515450241501276,-0.0639690510485665,-0.18740376471383927,2.4713423496774434,-0.47594423481898906,-0.7227395950320429,0.016437516990979152,-0.23256681160302875
2023-09-20,-0.3734091450859868,0.34107264862554126,-0.6352688576303369,-0.4024516304833828,-3.433833591893943,-0.9988541140800723,-0.5806978876368634,0.2776939148741508,0.42604730112503664,-0.4839006909831234,-0.1515378025978237,-1.2215949895192075,0.7648424737560805,0.08723121109791467,-0.35017449576144793,-0.5539131328252422,-0.18427978408126194,-0.06403087505298387,-1.093638937337192,-2.610468820521856,-0.6192100165967733,-0.9226883784775922,0.17241590310598987,-0.23341433546490828
2023-09-21,-0.6976486874042158,-1.8208138694786649,-0.5904588512559741,-0.9771020508568065,0.17478103718016177,-1.683731909839818,-1.483575737060141,-0.5235324204551856,-0.6693956530470109,-0.9509217355696099,0.6458969100517132,-0.6582539767663169,-2.36724597981815,-0.6250302966352732,-0.24204628786780408,-1.1170819587069294,-0.363423188133505,-0.8960418070781072,-1.4453826685128066,-1.0558922472219894,-1.3056447310107693,-0.17245804312911545,-1.2528489799662366,-1.1237211667891391
2023-09-22,0.360228787164317,-0.22947446373019045,-0.2673637831692999,1.339580326089568,-0.5201416709746512,-0.012731772623952586,0.10908319617122939,0.08613869365392315,0.04540746053838709,-0.5012821234106946,-0.09579085405964631,1.964035107316935,-0.03356585187191805,0.17872595829196297,-1.1353439528010865,0.6736458397079046,0.04720598327573988,0.5903287652896309,-0.2196924406195974,0.3121406361471753,0.12167167221266072,0.39617343487639384,0.22448610956998633,-0.6903850739007737
2023-09-25,-0.13426851379112675,-0.46983764962064034,-0.21377348969314589,-0.08692749960159886,-0.261945363802656,-0.03197566406522489,0.261501229168061,-0.5913801984332853,-0.12815822909502195,0.3329604992170685,0.8481672559544063,-0.43659717080430777,-0.15769110064970493,-0.07279599850029303,-0.3933204753072433,-0.34342074913322246,0.14794375381153937,-0.06436614996561225,0.5132277566384423,-0.9839479126744601,0.32807663366069056,0.26722106800287326,-0.8198170887954109,-0.698523232157903
2023-09-26,-1.1798751416836488,-0.476628207065016,0.9377055693712119,-0.3122705262531304,-0.4321486169040751,-0.9236818836525533,-0.48558644232820836,-1.1563103449554142,-1.7847550149269096,-0.65987963991745,-0.4880673188211794,-0.2985142614528876,0.4134825218617288,-0.6924331414014623,-0.0872517776870783,-2.276667392414243,-0.6227371226604432,0.05421480613570612,-1.3162297533432366,-1.8991433849319241,-1.334173247250458,-1.0551441573696876,-0.7206510403131527,-0.9396713356888612
2023-09-27,0.10036473389430292,-0.36054606645828374,-0.21007593268509026,0.16211471971313662,0.17824628630692405,0.5119598335950064,0.10920137502334629,0.5170890788464203,0.2009821411251858,-0.38958189587093633,1.321302851216057,-0.5269970010882263,-0.10216557698502532,0.5101189644700375,-0.16041417274292238,0.22159609252043483,0.7862768670153656,0.5553321886031128,0.7512186479261688,0.7955943363998557,0.69387404507486,-0.04574275252074292,-0.2720996777160677,0.7966888286458065
2023-09-28,0.4612038223360802,0.8550566471125817,0.44021489549329096,0.2823819523746905,0.6056022371149059,0.8697743026659716,0.1662143697221933,-1.636919751719419,1.2341813673228335,0.4532256746406707,0.4569549308757137,-0.18318114377089706,-0.16405739150572915,-0.1824822037959335,0.2126271124530859,0.11053591775003016,0.6904828805648002,1.4058061689844539,0.2673016790075326,0.8579469912922832,0.5679262861858435,0.9636586523282016,0.5719589354018173,-1.1758171458858138
2023-09-29,0.6121487063550288,0.24469128057361075,-0.20896664910922824,0.5730852726680243,-0.14935263772241925,-2.3687756264393474,0.3743801649036605,0.4605309040431838,-0.4221565752789178,-0.2225754991282202,-0.35935664148123414,0.5923144685694335,-0.44037418248513943,0.27068578423216483,0.6529150047703722,0.6340637371363254,-1.107819791749675,0.08241625183321614,-0.2897646155144678,-1.1883293218880526,0.254185452430558,-0.10815874228313423,0.397099152918027,-0.13153596081306873
2023-10-02,-0.5919918892045697,-0.7153586964422006,-1.0899716497648062,-0.3848694302811817,-1.0602008582795353,-0.11445377834054876,-0.2535404870728402,0.1907209934606853,-0.6053490335679838,-0.28630284476073015,-0.3493146926135073,-0.22494214566175477,0.5516211140703444,-0.5656335420043952,-0.3188494551302418,-0.38041658916813764,-0.7996454923737711,-0.8856015051349702,-0.5421479307489546,-0.5936238996815895,0.41784287914072654,-0.23351584283741234,-0.4328138442244007,-0.014049028677204995
2023-10-03,-1.0305970136616955,-0.9316873750289424,-0.49607452343131486,-1.1791753564125445,-0.41792349211483376,-1.8345673213115266,-0.8914142073831081,-0.6442431956402224,-0.6383526694083365,-0.9432838477456358,-0.2440626996389576,-0.3852472253706349,-2.8572149022697673,-0.7096078302516006,-0.3286766711710948,-0.31541944221939583,0.008508747122124771,-0.4202600573990065,-0.3384754695745464,-2.1800835312712454,-1.5022006572055935,-0.9968200169184391,-0.8283770133082927,-0.24975871898222585
2023-10-04,1.642274275492163,1.2343964778477476,0.398897250940177,-0.4192930127295629,1.5960163973531034,-1.7794471922571657,0.20709942719164692,1.4172926705757087,0.35919223963967056,0.049603064015158974,-0.07770203953598626,0.10025589545151582,0.8560584027480819,-0.8454095730096354,-0.20060347487576036,0.4536513717206651,-1.0622507937267058,-2.9912425009933927,0.34117703702576,-1.9562443068973203,0.7547606534700172,0.018305029024393873,-0.30139124167010023,0.6901778536492712
2023-10-05,-0.8142715559388127,0.005960791196426173,-0.2164059200808985,0.7136006395550905,-0.019465108880113238,0.9368884000935784,0.3210929656008493,0.5116502385409503,-0.3544883836650537,-0.5496303385133622,-0.3203617755301975,-0.015416675870055784,0.6271338426294149,-0.15742419186889142,-0.11992699709086818,0.279899169777763,0.4988719124445732,-1.043601253357256,0.6126446372795044,1.6273220811596885,0.17012856485573777,0.40000235510963283,0.043517489266095576,-0.014049028677204995
2023-10-06,1.238372001407992,0.005960791196426173,0.7290248279563689,1.4104174091913302,-0.028712603255436057,1.0484680002554294,0.37542169121375263,0.5384616310803334,2.038387583766203,0.6309846406850418,0.7525571696893095,0.6350876303076671,1.4310914354337199,0.6000228785678376,0.4549257403063757,0.621303673265504,1.474099771409367,1.0022356681314402,0.016463045482201316,0.03804209721850895,1.3668284458968025,1.01837935731012,0.48423488496504175,0.681572051482603
2023-10-09,-0.5438211705545561,-0.11490558457781641,-0.7709598187198721,-0.3477550157793247,-0.4277450495303809,0.2748199718843336,-0.5993550927201869,-0.17113387204083785,-0.09187096164610124,-0.021390039848300284,0.05980798467671746,1.1698141603988645,-0.0814433593201405,1.162406823805783,0.2508095482195016,-0.49386950747197256,1.2202724520451091,0.27532602821658414,0.2823221828600635,0.4010923461254126,-0.24807528765791517,-0.29382384325730215,-0.2991042926848091,-0.709670108837013
2023-10-10,0.8243035734098282,1.0785039804430692,1.3321432377922076,0.3197041137798527,0.10155565577308555,1.332329948854664,0.28150371965601995,0.27844043320975115,1.173844988347767,0.5263629315500443,1.065247288233028,0.8382694986920918,0.6053513932121609,0.6701273593167022,0.07373100949778505,0.5868838421503942,0.27267780017139537,0.736578301831821,0.6429813846152094,1.334572917344673,0.9438687579159548,0.44902826516880073,0.8177844480426585,0.2187742946082276
2023-10-11,0.2711969225313323,0.35606378404975864,0.33192640485122304,-0.15089416476244477,0.05485632753971977,0.5296669912734108,-0.2939946303779717,-0.8158628956732917,-0.7948312530236705,-0.45748779797870853,0.4137237781984789,0.826441783769645,3.7838116259707175,-0.018957095717429383,0.4874334286610509,0.534652236371152,-0.0974859607717168,0.11767418060308014,0.4736879001809557,0.3649940741677456,0.7870294877661321,0.4435448743224692,0.3980150970535822,1.3632241585297167
2023-10-12,0.7864648338715476,-0.8166378242168516,-2.1507380944463317,-1.8255753591670911,-0.3355453490970877,0.565426315666081,-0.3150166467788361,-3.9006380386725996,-0.4416659577904904,-0.45147601877944327,-1.0804049380142269,-0.6094137663498621,0.806628105796788,-0.09082267786215671,-1.0470048101679093,-0.3580264843764431,0.14388235884408662,-0.8384179422822986,0.6331987634134151,1.5397602721767376,0.19294705515021912,-0.2897062982463705,-0.6499018271716803,-1.8579192105711655
2023-10-13,-1.4134553321641823,0.36095185958064996,-0.10663160224552565,-0.9241202282580679,-0.600311119513065,-1.5010707156231133,0.18701372296940832,1.464554791431117,-0.18019179802087856,-0.23479248157681717,-0.4824247074550527,-0.6775920523055626,1.1783592846655695,0.7440745174612077,0.2516899674738275,-1.3704159888926746,0.629195779977187,0.33578254380674255,-0.9318619399430338,-1.74638004328434,-1.2542675945094026,-0.7236891045897982,-0.030025555044016022,-0.014049028677204995
2023-10-16,0.2732832878527146,0.7049654427001358,0.7406154870490023,-0.08252609707218839,0.719846390290016,0.754442844492426,0.22432940740293153,0.9958967873815621,0.8329809608449666,0.03302043775923826,0.2528001839354659,0.19942526708155092,-0.6531243970194196,0.6045758014407654,0.21835063478513436,0.8836877918227385,0.5405412183904283,0.3953669680770822,0.10111765316303314,0.6019194937644007,0.40519433305300906,1.0582605389304933,0.6149006432579113,0.5685977424860211
2023-10-17,0.33344281311298596,-0.5755393061315656,0.2858345672311767,-1.6791295049443762,-0.7581055944269318,0.12702738819710324,-0.2753130424878634,0.42034397690649805,-0.590002217752083,0.37400013095770784,1.1268427754826542,-0.9305977779305751,-0.03424254143683195,0.6247488656051747,-0.33564533391921997,-0.11758523579676533,0.27207422537276144,0.42332466185621964,0.1375955292254446,-0.41409926622150234,-0.1951447599733704,0.3161971781265294,0.2531078020658406,-0.36292212843883065
2023-10-18,-2.124557495314164,-0.46653483136351903,-1.348198116770853,-1.7182531133524301,-0.8345224012830373,-1.4129780865712964,-0.7444057098769783,-0.7382251565230461,0.48243403189441975,-0.8924704315349269,-0.33552106387210723,0.06707417953726112,-0.4084084177595509,0.5942391632600083,1.1253794775490138,-1.3874700926016073,0.007910984662154166,-0.24952842496018193,-1.0536094945003505,-1.0230302903256936,-0.9239766583717242,0.31325375766554064,-1.3473088252773466,-1.9117086622277624
2023-10-19,0.31808659561810393,0.47845641375637143,-0.979956773108577,-2.4573290511270027,-0.18143478007838898,-1.0467328363509156,-0.025491817542465926,-0.20941095142732652,-0.27808254703284563,-0.9976056145203733,-2.553029361337319,-0.5355331490440144,-1.8874346738485108,-0.26398064973541413,-0.44192021592971537,2.6926710697568876,-0.2855357803776929,0.3612300722824597,-0.2168090580575643,-0.601331499814048,1.9592558636991617,0.8391616997872693,-0.3503745961740618,-0.620281161421241
2023-10-20,-0.6891152568369702,-0.7052787998095071,-0.6441324848965672,-0.5184274820650765,-0.018815663854637912,-0.26460400371746584,-0.2415170586222407,-0.4450824644467303,-0.3423196456495273,-0.36001011929084076,0.423373021867309,-0.866090764272769,-0.9291379351471887,-0.24989507889449103,-0.8072087555890634,-1.263588613774884,-0.7780181551290114,-0.2490323928240082,-0.463982718038536,-0.5782856428004479,-1.0279298505976058,-0.7522437956915948,-0.883846979618855,-0.7501429942642417
2023-10-23,0.5863213975571099,0.005960791196426173,-0.2922998564027821,0.3551537346408615,-0.634767228764737,-0.49687183707775356,0.5028658818382834,-0.6857507845166453,-0.674374110838134,0.2731667490998056,-0.5391379590286735,0.05865342624913553,0.4994382002923538,-1.4738435706338806,0.20301883342989066,0.6807231410043019,0.015539621893726275,-0.49587542588470823,-0.10425276948446137,0.12411336389706254,-0.18278505315805046,-0.10512933377434756,0.07028621917271577,-0.8850530175975657
2023-10-24,1.006325796312511,0.24470475964241425,-3.0448183954656405,1.4761469709011694,0.3574172385230041,0.09066758191116558,-0.23998294353528218,0.697641111102831,-0.04235425853487915,1.2035933526916014,0.28239428098433356,1.9186778453627005,0.21808652355823524,0.34871061142707543,0.21814108083977446,0.659060550311593,-0.2991278012333467,1.1240953357366184,0.6462220673321052,0.11477896445383814,0.2623064645507076,0.07295688370575755,0.9930789832724679,0.11119904404937216
2023-10-25,-1.4835363698237232,-0.2327831772495619,-0.12232489374956695,-1.2533154072221686,0.19216270611979708,0.15353031163632877,-0.774629998789703,-1.42085089248189,-1.2544018722376638,-0.9675058557267594,-0.3680735548114175,-0.44726030971138003,-0.0985327041664291,0.08570106469532479,-0.5531121415172794,-1.3920607472148265,0.1431891890228456,-0.6740181928018765,-1.0140499080545966,0.45283164328885417,-2.545807347186372,-1.860666274144216,-0.30231299688584884,-0.13929710140378215
2023-10-26,0.34943564755419054,1.0673033750556922,-0.5801269361651202,0.2473423340002783,-0.499194161485226,-1.5211861914081934,0.11347250812401137,-0.2521744913976169,-0.46272210322643037,-0.5302816118339166,-0.449930997653196,0.024620403577939338,-1.4969467006996378,-0.24459443213379345,-1.2488402958906542,0.21978051795805906,-0.4813531600470936,-0.7430768980393958,-1.1684808907680972,-1.6491718980203487,-0.18152518416828814,-0.1694367777840279,0.7541385673530064,-0.7713677257289362
2023-10-27,0.09465613359589659,-0.5795668453266903,-1.192415163275412,-0.5817998814019326,-0.5128376606452971,-0.4240312745235869,-0.06515151575556664,0.3760041984355327,-1.9343063829035776,0.7222048258439998,-0.4490384755223994,0.5941432160873059,-1.1738914608968563,-0.22918301861869264,0.3565016476015412,0.060393084522397646,0.10641404882143192,-0.06697011095463146,-0.6627744703896118,0.5236998076804675,-0.998148290311156,-0.3564977125599526,1.0892281974277152,0.3658697228426535
2023-10-30,-0.14624730096039001,-0.5898578715204253,1.2065300390747242,-0.3298890698577887,0.8981330558447487,-1.6992555760850294,0.8582780428521629,0.16559245655662103,-0.19567311420604086,0.7160323083165276,0.67817892622602,0.35425785943038157,1.8809276631274006,-0.3915750478610613,-0.2448423781225751,1.0267388373253263,-0.20370521292709304,0.7642466656462455,1.054942079780539,-0.6717069691782428,-0.015378296643851673,-0.04574275252074292,0.06420024834678534,0.3633509168546677
2023-10-31,0.759016626655116,-0.3566273823170245,0.07270339549250844,-0.4391435817443254,-0.760352029169029,0.33789467736609863,-0.7113211292163327,-0.32018307315785843,0.009554342351958591,0.37542912157806535,0.7820943405459657,-0.38112196668040393,0.07037636278125044,-0.19844161779445027,0.28175456631146456,0.14137537414184792,-0.7248886911281311,-0.5888981406400126,0.7850403464386305,1.69427445710302,0.10084099924452465,0.26501220751846677,0.43458987424735085,0.11119904404937216
2023-11-01,0.8324823238395831,0.6081296480568733,-0.6540628657572146,-0.007643253390231171,-0.04766073448383858,1.3592936995107574,0.1322156005794686,-0.11214448915589578,0.09165262603939588,1.626910515103639,-0.5473013071760878,0.48510741750374564,0.6784592105545453,0.5869104980455914,0.28828356746431044,0.9254830640435547,0.1925390378085818,0.5175423683297912,1.1891308917443921,4.606547210369802,0.8923910112301852,0.9342218894224029,1.0803179298855612,-0.13929710140378215
2023-11-02,1.759623061767614,1.2269199778597009,1.7688349073345424,0.788056531160099,1.1989286588445003,1.0143094283324119,0.6966238178222717,0.9588469279931395,0.8234918275128186,0.48747952072868844,0.5898840117617746,0.471037748772796,2.0184102339733005,0.6088658164377366,-0.8032254568886927,1.0972810896649776,2.3653941422448095,0.8463136613466098,0.8870512946116095,0.3004047010675099,1.613541696112925,1.3845328053975157,0.6544679851261324,0.7333326567595848
2023-11-03,0.7872722661399643,1.028176936540704,1.1419763229227513,0.9666136289235405,0.028354474678323256,0.7894712144736299,0.3599457090608205,-0.07676211098002361,2.2999803204170752,1.762987560530184,0.6289666976027319,1.0110257895728363,-1.784566277255256,-0.0010353892033076585,-0.23835798674259315,0.15773842001058022,-1.7927555817046716,1.7518476358565462,0.46790507346999843,1.2488105197621857,0.7397382395088559,1.111706863032832,0.08109531600758732,0.23290932531647965
2023-11-06,-0.4314500668857175,0.005960791196426173,-0.17998930312808195,-0.4581449405996694,-0.628242211053113,0.17462336114537752,-0.025491817542465926,0.5706714462416099,0.9783566404084914,-0.38393341694596106,0.9417116420814807,-0.4475675895301755,1.797077351268843,0.05061035343184306,0.3749109310274525,-0.20899730304899117,0.5206444076355287,-0.15206903855748127,-0.4957595341983414,-0.0007735827455825028,0.42853789436568657,-0.7365605189932256,0.16739741855051782,-0.26100738267088963
2023-11-07,-0.14014408697740555,0.9982605012615191,-0.36953978225809014,-0.140286304702155,-0.9354692974942423,-0.39342592075792177,-0.237060954171967,-0.2802058031338549,-1.6477452769377492,0.1607111333979561,-0.7551873705161802,0.05258644882658338,0.338018203846366,-0.4869164108529186,0.15864206965167987,0.9077792999701549,-1.0143283439356114,-0.6857255682998303,0.5934837271786935,-0.058978076670089336,-0.17505497506953627,0.07014616905814519,-0.6608361359921031,-0.26208961903016215
2023-11-08,0.17324945100056335,0.11444491856661022,-0.05603861106210569,-0.21515902567902592,0.2144338342520324,-0.48079625432834433,-0.4127991299370046,-0.45229563792157046,-0.4364044494782249,-0.44700142092304107,-0.25932646829592304,0.06646744476102388,0.002828130265645011,-0.8367886937197438,1.1250171040172088,0.6357450425998089,-0.8248408344427668,-1.176430436018944,-0.18588601289811862,-2.6261360452780917,-0.30827443307819813,-0.9224368371070722,-0.16071260902690535,-0.1384696165895783
2023-11-09,-0.4378765648454214,-0.32054179180910736,-0.11941525224248854,-0.8461278085702731,-0.465785375449949,-2.0442780101699376,-0.06441563187757464,-1.1149080117199557,0.44113103828559563,-0.7331921311736634,0.652331034871318,0.25881011653275243,-1.1190615755721312,0.42896368936106183,-1.3020368582120576,0.10164132363366969,0.30303128597313467,1.5814634776730976,-3.6754349911869277,0.3174317559512235,-0.29113129879935995,-0.4609085556790833,0.016238841190017995,-0.7663694813805371
2023-11-10,1.97418149140336,-0.10358123597482598,0.3225293122760672,0.2991553692499178,1.0732340025973512,1.4378229787357697,0.30423384797771297,0.8926118656622956,0.34677910844842047,0.8255528177036195,0.7631455291498299,0.27736941465444254,0.6848067528698953,0.05223039694558773,0.5436112788953525,1.1112222022781943,0.6076910658594834,0.37802206116708514,2.5955589202844167,1.1552598879824767,3.368641906752024,1.476991426152363,0.7383788977421863,0.4885989895812448
2023-11-13,-0.5474602183539691,-0.8832941877825428,0.007057437899656059,0.4800904206950308,-0.17204761908795024,-1.0750271618629632,-0.5894626181602259,-0.3180108702462096,-0.8661886020519423,0.055581317023887654,0.0507567296134028,0.3916004583766302,-0.29584856270773713,0.5085819501809185,-0.4487768136609679,-0.048585790658523496,0.3355615539584382,-1.1913791083200462,-1.6800560071014579,0.2856777843467865,-0.64664427710936,-0.9178163169854939,-0.2666205378299899,-0.3906167640405169
2023-11-14,1.4674963072386857,0.895215770175395,1.2458722059725644,0.8631543505482414,1.4004907657471055,2.4266626677738943,0.5191501135634519,1.2206108301564305,1.896756223339119,1.2871723939926747,0.5178270143646557,-0.331772376236182,-1.034462857627085,0.5333002729296726,0.2728873490638465,1.0829856600372725,0.25036856167553556,3.1761297963593353,1.0364229774685505,1.776266335597801,1.359046989067094,0.883857928181709,1.4644996879528813,1.1082746228798963
2023-11-15,0.13216916366381137,0.3335212740030279,0.49256885044114734,1.1901448514294366,-0.20635173648503827,-1.1178504609709152,-0.33588861355080685,1.4241013572286758,0.36282986668153483,0.2544698873925905,0.3474173344067488,0.23605264674890078,-1.82193323250322,-0.08650293400242029,0.3527076247951183,0.3371002687422609,-0.31750063168905757,-0.14751028715050593,1.202353762975449,-1.2544293138447724,-0.12263654957350545,-0.2763121646464268,-0.19387576040881335,0.843804126821179
2023-11-16,0.15147268112000892,0.8642571764711177,-0.2957320422743344,-1.2739165061617506,-0.7262198851870932,0.26272687710478226,-0.5149257025881065,-0.33946530304268757,0.04626535925507717,0.6187966814037521,-0.20749350515919476,-0.9869059367723524,1.9499363240378127,-0.3977281142975785,0.5114466085518329,0.00989758801123005,-0.5302477128197803,0.7884408885792037,0.23627874841526217,0.5103113659637514,-0.20741092947541193,-0.21946366914007526,0.26520717299699625,-0.014049028677204995
2023-11-17,0.3173917699181825,-0.42046346766126935,1.5583521103395133,-0.4338267834727381,0.2930921680853898,1.627877439373908,-0.163518249227631,0.7459186022181492,0.09653144434036272,-0.5756191486852261,0.4925975450930188,1.6086071952553156,1.1242393152470989,0.8371875123930563,0.39460031600783946,0.5396663497371025,0.9761329303480547,0.1074647637400052,-0.023407862602027617,1.1906348312454107,0.5239177003744272,1.3814442648583807,-0.13076954994220563,0.4704239141554837
2023-11-20,0.5250904863956533,0.5381704719404603,-0.11026536128362474,1.166228056755566,0.08449715644892018,-2.0853193666736844,0.09284478510162232,0.05528184205080758,-0.1552671771101295,0.7858096100144206,-0.2524454611936794,0.40632695784102424,1.3098560736366547,0.0998370567424453,0.4786227603510405,1.3358106305528898,0.6130076330013299,0.6937656510825176,-0.11973580961619257,-2.376620436364246,0.1514086193643228,0.5678831278561988,1.0398696852262115,0.34661288889462366
2023-11-21,-0.7513324405086653,-0.526248889547608,-0.28769448271631803,0.761551073480054,0.5050728361594125,-1.754356275507195,-0.0058019885013890875,-0.36917049598659063,-0.2569733130289849,0.27885005581376343,-0.3836868732279486,-0.7079141317940681,-0.5342469356652925,-0.423853670074027,0.5916391162408503,-0.33981538952313917,-0.1197841665322792,-0.28367589577881946,-0.507296009017063,-1.9263950527158735,-0.9308626814684691,-0.6032269947210234,0.4347251308022377,0.10567351887396431
2023-11-22,-0.026908902972725714,0.6436085732092228,-0.34938056428058883,2.2978260431386706,-0.23396277855255318,0.9904166650314195,-0.30198078109184034,0.41424591160760404,0.04650440913038866,0.6547669266795545,0.0019981508900074425,0.05547659923766704,0.2526322029276112,-0.004570156980046047,-0.4939005725269322,0.24580388701725997,-0.8349296640605822,-0.3129784702753383,0.43041203381595344,0.41204320795356947,0.07495158970822864,0.010321501191615635,-0.39984292731096704,-0.1337715762283743
2023-11-24,0.3969276715135062,0.8379324174309998,0.892573567689004,1.0805774157312897,0.760294306850764,0.8906821197392069,0.40821332430052737,-0.4011022846169038,-0.23251451379904206,0.1999871039624013,0.0019991445602657774,-0.49830256441066617,1.2796986013734075,0.05189100383121619,0.4338351189122138,0.39198332717831647,0.43528506881023377,-0.7389134026160312,-0.628654435949545,1.6972190027138865,-0.5254534417022187,0.010256301930061254,-0.31876537622470724,-0.6164320130420079
2023-11-27,-0.25121320239480294,-0.2001325324117399,-0.46290712659312455,0.19765259588944534,-0.6029729459498788,-1.0733038453047072,-0.24181168732454453,-0.3704695100314681,-1.0702710359401586,1.4114389796204676,-0.1891863346466456,-0.4207374235372077,-0.9901028315539082,-0.16011769565813408,-0.431011982674426,0.2785398981089943,-0.13626068354337506,0.24992748462332484,0.1348654014613574,-0.7365882153271472,-0.41468533184971956,-0.2701518737268919,-0.36427262241574493,-0.1352895358605006
2023-11-28,-0.9368401977699676,0.9236509691911574,0.1250396470557291,-1.4302809400172718,0.388645503938956,-0.43027510969724364,-0.12416651337646699,0.8062603418849755,0.47378549018327126,-0.273590185082934,-0.18347709553289152,-0.07038223556251764,-1.535765828470706,0.43857000559771,0.11174181093926112,0.5168764737592354,0.1450542207561714,1.365297936341337,0.11605840493494948,0.20632297643333264,0.37864657689460696,-0.1583785424279805,0.41524081610266705,0.4693892537226009
2023-11-29,0.7746543960291664,-0.39883226261984567,0.3590397932363595,-0.5344167859708272,1.0595513938513919,-0.6982625583802464,0.3678960417815161,-0.0749360587274656,-0.5990155954044797,0.43556546838021953,0.41263656071066035,-0.24371156174446412,0.31205914938159346,-0.47612196219352354,0.26048132482319764,0.8883354226818536,-0.1134175013009926,-0.2823174523008165,-0.741175304789093,0.958139919606934,0.4484601180388061,0.29130215859264363,-0.3212706462977507,0.7034934327483815
2023-11-30,-0.32683621361941945,0.005960791196426173,0.007057437899656059,0.21655987052313283,-0.5017263042747578,0.11711820494646222,-0.43864437172639703,-0.2699402003452944,0.09977892425553753,0.1732445975132893,-0.22304628071842109,0.08437774371281545,-0.13921096122340457,0.08757811234012054,1.2932170455883287,0.17011214686000595,-0.03745740560221466,-0.03286990339832136,-0.145465781479848,0.08653565106125627,-0.9518926534482145,-0.5522826429795793,0.12059463023131382,0.6945611751386322
2023-12-01,0.542502334268124,0.30999541941861036,1.0457047014252352,-0.637993449107379,0.5704865556264034,1.1244902079328565,1.5280085418732006,0.5404349812339313,-0.19921347976990836,0.6452845840301463,0.2609462255933278,-1.4917241880984036,-0.9362487019504323,-0.1074047308364017,-0.2595207879699255,0.35367397138834417,-0.28196482577605014,-1.297029351415627,0.06296662319862074,1.194578013415191,0.6443961666742254,0.7952824448243043,0.7632541815708784,0.33698123120838663
2023-12-04,-0.1860950841365487,-0.8740900846263672,-1.857497244616975,-1.0611471765500298,2.217934747252119,-2.0014018484887166,2.4592587967037587,-0.17156435893878347,-1.0436566960189855,-1.2011128122000934,1.495338205502815,-1.961778963954952,0.28449406229954993,-0.812434215900619,0.1772376853160817,-0.3338735778828165,-0.41465906173660627,-0.5752373707357986,-0.557973282856157,-2.253742706013943,-0.9376797176227145,-0.5484330057467821,-1.1988085029269975,-0.7182759110036812
2023-12-05,0.24168457164281268,0.622351049007406,-0.23190933082910664,-0.0489861321167675,-0.36830623890582537,0.5640884902146636,0.08253772771081337,-0.7901602463892434,-0.35084033775317186,-0.3844438549130129,-0.34164748227068287,-0.5924919601910529,-0.8497011126552368,-0.20314297721382127,-0.06796397814781575,0.015638110284511415,-0.5663030736506147,-0.5804645284707798,0.6099150118396967,0.2347557070061951,-0.24464435940030071,-0.7250286440045157,-0.1770087377213811,-0.25074468351498547
2023-12-06,-0.22568243562260318,-0.19826286486112035,0.18641549583011863,-0.05611016345643502,-0.16892335987885362,0.6035921768495036,-0.6959545266212416,0.705112894677218,0.022592942691508185,-0.3949778910338297,-0.7439157555494236,-0.10466008867843397,-1.3418308787278561,-0.4285670971306995,-0.26770842352449487,-0.5057315459978107,-0.8738851195618016,-0.17874182854640003,1.1534241708954904,0.7671889963505758,0.6033638488875624,-0.10282611194360673,-0.0703257775420381,1.9671431828384176
2023-12-07,0.47496736754093133,0.21018444725397267,0.5405912123522963,0.8410336832835472,0.5099368924972655,-0.39095842003623416,-0.26351153243295,-0.20421873860425768,-0.0978380241968521,0.4461187026356114,1.0518070742851737,0.7984232335801527,-0.5452485539243254,-0.03853562262981576,0.23129989019136352,0.46004891463360925,0.17513494678595456,-0.7925501345046737,0.012081048593946639,0.11947317030307295,0.7527960181872033,0.40886229992883455,0.29348696455607975,0.10037925878636465
2023-12-08,-0.2781402070011363,0.5112130952606625,1.0543073173948656,-0.808807801675257,0.9737533751430311,-0.25977096624260504,0.4311052654332681,0.7614400113672783,0.356277234473841,-0.33924038681440444,-0.3092932733023135,-0.12226528308075536,-0.15101271535717206,0.8848658863821973,-0.7004820549711778,0.29575527981872424,0.6849170972948107,-0.5948426334055757,0.4151481286576236,-1.2621930840235365,0.5306258797185633,-0.04574275252074292,-0.3268275149103014,0.32783956652201096
2023-12-11,0.9006742646827693,-0.6012466111117809,-0.2812503474708298,0.04251448782360918,0.42729279481776683,0.8242009832493221,0.46234427430327985,-1.5962637739597711,-0.5390192378817248,0.7786803001762159,0.8549636151747515,0.14152373854859615,-0.033941905390830265,-0.23810652705071159,-3.211683193265751,-0.4146070842239956,-0.2029340677282024,0.17242662029292252,-0.03578626187948543,-0.10997215807229975,0.27125990452629284,0.516002644832445,0.20837347715789567,-0.6998977283683393
2023-12-12,0.6473886643462765,-0.30176617264334593,-0.2250095328327523,-0.1407921979236608,-0.4098591026822524,-0.7445054448657902,0.10010232918021378,0.41502982376552655,0.7431278839788992,0.003252874115915827,0.12134967881035709,0.5760134183709645,-0.32748667597845443,-0.4628873975363627,1.078172306186892,-0.35514501127667386,-0.14080408885370574,-0.3012141550003182,0.5686284677994032,-0.9925867182021159,0.2967037337764291,0.17696630180917194,-0.28479299788706486,0.4440984678518439
2023-12-13,0.9298732785805373,2.0066043799281092,1.1548396546556303,-0.2762703147619414,1.0286500612008693,0.25040173323968984,0.3846625092473369,-0.30353295206079944,0.8630747337020281,-0.15169893041965482,0.076899856078148,0.05679669491538493,1.6941891533156686,0.4608166191297475,0.8660858136719075,0.563282677766369,0.40798385802213605,1.3166706079015114,0.7571103619461358,0.2638789843466775,0.22358782680031364,0.6157170710718952,0.4008313066955372,0.5534996404610468
2023-12-14,1.1489434866301544,0.39230141630398446,1.8351771613147034,0.19895660079001037,0.7547500762848453,-1.4249413312493597,-0.04324681552987847,2.827264945293963,0.2687935321859928,-0.23887655793933757,0.2949005549211783,-0.9692584784275098,-0.6155097335114229,0.7753329447634548,-0.500839695092862,-1.4792829457433934,0.9818459001546906,0.25595206706481116,0.3072433061738887,-0.9063436708086727,0.9216404856505067,0.38977977251301404,0.2693942516647919,1.7649869489480488
2023-12-15,-0.10228542762893927,0.19749801972376543,-1.6515551175969327,0.429842581192403,-0.6977593199153042,-1.2252520026934675,-0.2569395570105883,0.8829090666069721,-0.3292590901501421,0.013861470021243197,0.13770736614783233,-0.6294500059368153,-0.6208206091496038,-0.41352779516772165,-0.07048451936442628,-1.013525365815395,-1.09000564336211,-0.6450881195707024,0.10035691321466464,-1.2386711926812408,-0.5526527583268155,-0.26296633134434566,-0.027020205508604535,0.855044468492928
2023-12-18,-0.7627636823699632,0.3858108381961989,0.007057437899656059,-0.653053911289484,0.003499381830513214,0.8529024368914758,-0.043344624801372945,0.3538869911420763,-0.12168116750948871,0.2514006244483314,-0.004810118872211031,-0.031612792586709085,1.1658229447300628,0.7123385403107254,0.45670321950572285,0.5377054421304596,0.4908208316538993,0.14096287760878282,-0.32734030407382936,1.1270120662014063,0.15069988042094784,-0.1547586002248193,0.49646148045358696,0.3084690205737718
2023-12-19,0.12006078781037173,0.10026403333792618,0.789199800048135,0.8353523218472286,0.011760211811180353,0.8649200525105152,-0.11487551865906635,-0.07291837036021197,0.23063376444306416,0.1839109358099222,0.050767104487999155,0.07942328818318323,0.5981662047283778,0.48735902593885694,0.7511885323795292,0.05223359701005404,0.6086263194210191,-0.12188414671078356,-0.3920384910059635,0.26199292407264346,0.4455273792167345,-0.5948957647463633,0.32461054229162367,-0.5525969765784019
2023-12-20,-1.0503685896017452,-0.7558973475207593,0.28291733763379323,-1.196222971317792,-0.5456009609937317,0.40935909871923204,-0.9843153830663461,-1.17868772603241,-0.09534047991214548,-0.7691599332252278,-1.3755392197926828,-0.4853626921093273,0.7845288551654505,-0.26157527523682866,-1.4518894147686905,-1.5969768685467955,-0.3371419455825631,-0.562864931253655,-0.9475281843203822,-1.7635958121722595,-2.1526678181356136,-0.9388628803934316,-0.3780137005031976,-1.1066863806560667
2023-12-21,1.6264439732842748,0.2936656407723356,0.49909700903134,2.233088704999919,0.8247095507556346,0.42915592201624025,0.12059173859828998,-0.07355199868006047,0.12606083871656465,-0.026036268371302317,0.36797145229896094,0.8592213039075433,1.2926880709407074,0.1382310826199268,0.3386479298601367,0.40149020297324506,0.4529571519592026,0.34780325498913883,1.49271094283785,0.37638638622605736,1.3191598822173225,0.5145720473887238,1.1976980219061204,0.4255247247817439
2023-12-22,-0.23056369328618756,0.5972692741107732,0.600750733127429,-0.983708548945798,0.27388770436231136,0.07300491082075355,-0.42838942812767333,1.0333874660450273,0.4490703445446665,-0.2540830994478897,0.6393310211907023,-6.949973828660533,-0.510282731788678,0.37828294537363266,0.39985274582593683,0.19017211328538408,0.12256386681534741,0.14136700874598054,-0.40720606556387395,-1.0481149794385018,0.2641593676413628,0.23176866249114297,-0.0660312630504747,2.4496717670319126
2023-12-26,0.5974130586138974,0.5871401241787331,0.5396227535405448,-0.020614277178529698,-0.2675853129388615,0.02866459709404443,0.08475364904259715,-0.9944353314954397,0.0988933609593992,-0.32775867201654796,0.43523739441384196,1.96272426311869,-0.05882562910273215,0.6919821586008301,-0.054066609277904444,0.17344438987309804,0.22849707140110978,0.3740673212537865,0.7023425761037253,0.5551154067005755,0.6367056829113783,1.2625281645099031,0.37283171274836896,0.8185050590408681
2023-12-27,0.03208899266463777,0.1975002194939326,-0.09891903064823825,-0.0939404000719907,0.2243698608792757,-0.19309875944074495,0.23068241148972674,0.42006336173293385,-0.1846187119332918,0.2763360865699985,-0.04174010924965664,-2.045802378527425,0.5691946308174235,-0.017729188024077618,0.6877360877672789,1.0602633228610545,0.015756384946130197,-0.5893395068102947,0.2503161869357797,0.35476872482440586,0.04584231963610856,2.3073185513726036,0.15220437283789473,0.6024654524596033
2023-12-28,-0.44870093912369613,-0.08967630455624016,-0.31247903453117704,1.1846812983323776,0.10905126128601574,0.3167602413152054,0.33788954526300935,-0.16552208051955827,1.7855070076529054,-0.2557410286085394,0.019815115731506957,0.705827619913007,-0.16799778645458172,-0.2526732513290525,1.2174432581340955,-0.6396225941771088,-0.5173178381372184,1.6293258769973202,0.30432751216293974,0.1442453369454403,-0.03408522477910052,-0.8162297342833232,-0.243410154336066,-0.014049028677204995
2023-12-29,-0.11358078570940057,-0.37928177325528556,-0.04643063147610027,0.4323195021650287,-0.1277598941084314,0.578953221161155,-0.7185123748375407,-0.5992787053935075,-0.6697057011195829,-0.274762244475655,-0.004810118872211031,1.630953091095548,-0.05261508938630477,-0.10235429893672311,-0.15240323093247413,0.08421222023739797,0.26784008825916217,-0.12188136264315869,-0.03122057118496414,0.9564072766048269,-0.4342060363959686,-0.30559275126096175,-0.065576901435734,-0.014049028677204995
